0 0 0 0 0 0 0 0 0 0 0 0 0 0 0 0 0 0 0 0 0 0 0 0 0 0 
0 1.44109 1.45756 1.44109 1.45756 1.42463 1.42463 1.42463 1.44109 1.52341 1.53987 1.52341 1.52341 1.53987 1.53987 1.52341 1.49048 1.27646 1.29292 1.44109 1.42463 1.47402 1.47402 1.44109 1.44109 0 
0 1.3917 1.35877 1.37524 1.37524 1.32585 1.29292 1.29292 1.30938 1.35877 1.42463 1.45756 1.45756 1.44109 1.44109 1.47402 1.2106 -0.0241714 0.288638 1.3917 1.3917 1.47402 1.45756 1.44109 1.40816 0 
0 1.30938 1.32585 1.34231 1.30938 1.32585 1.32585 1.32585 1.35877 1.32585 1.34231 1.37524 1.35877 1.32585 1.30938 1.30938 0.897792 -0.83089 -0.155881 1.24353 1.27646 1.34231 1.37524 1.29292 1.27646 0 
0 1.25999 1.30938 1.29292 1.30938 1.30938 1.25999 1.12828 1.16121 1.35877 1.37524 1.34231 1.25999 1.14475 1.24353 1.32585 0.733156 -0.880281 0.239247 1.27646 1.12828 1.12828 1.17767 1.12828 1.17767 0 
0 1.22706 1.24353 1.25999 1.06243 0.43681 -0.221735 -0.534544 -0.386371 0.535592 1.35877 1.32585 1.22706 1.16121 1.14475 1.29292 0.601447 -1.06138 0.222783 1.25999 1.17767 1.16121 1.09536 1.16121 1.2106 0 
0 1.14475 1.0295 0.61791 -0.172344 -0.880281 -1.16016 -1.12724 -0.962599 -0.271126 0.61791 0.403883 0.634374 1.12828 1.14475 1.16121 0.502665 -1.06138 -0.122953 1.16121 1.17767 1.19414 1.11182 1.12828 1.16121 0 
0 0.996574 0.502665 -0.633326 -1.20955 -1.17663 -1.16016 -1.16016 -1.06138 -0.896744 -0.534544 -0.518081 -0.485153 0.173392 0.700229 1.0295 0.107538 -1.24248 -0.320517 1.12828 1.2106 1.17767 1.12828 1.09536 1.09536 0 
0 0.815474 -0.304053 -1.19309 -1.25894 -1.19309 -1.19309 -1.20955 -1.12724 -1.06138 -0.995526 -0.814426 -0.748571 -0.600399 -0.419299 0.0746104 -0.518081 -1.44004 -0.435762 1.06243 1.2106 1.12828 1.16121 1.09536 0.881329 0 
0 0.272174 -1.04492 -1.30834 -1.27541 -1.25894 -1.29187 -1.22602 -1.12724 -1.11077 -1.07784 -1.01199 -0.929671 -0.847353 -0.913208 -0.847353 -1.01199 -1.47297 -0.534544 1.01304 1.14475 1.09536 1.16121 1.09536 0.831938 0 
0 -0.518081 -1.30834 -1.27541 -1.3248 -1.27541 -1.27541 -1.20955 -1.11077 -1.09431 -1.11077 -1.07784 -1.06138 -0.962599 -1.01199 -1.07784 -1.1437 -1.40712 -0.353444 1.04596 1.06243 1.01304 1.06243 1.06243 1.01304 0 
0 -1.02845 -1.20955 -1.24248 -1.3248 -1.27541 -1.22602 -1.16016 -1.06138 -1.07784 -1.11077 -1.07784 -1.12724 -1.09431 -1.02845 -1.07784 -1.09431 -1.19309 -0.122953 0.930719 0.963647 0.897792 0.897792 0.930719 0.947183 0 
0 -1.22602 -1.12724 -1.25894 -1.34126 -1.29187 -1.19309 -1.16016 -1.09431 -1.1437 -1.1437 -1.07784 -1.09431 -1.20955 -1.11077 -1.09431 -1.02845 -0.797962 0.091074 0.914256 0.996574 1.0295 0.996574 0.930719 0.914256 0 
0 -1.17663 -1.16016 -1.29187 -1.35773 -1.27541 -1.16016 -1.09431 -1.11077 -1.12724 -1.12724 -1.12724 -1.12724 -1.30834 -1.20955 -1.07784 -0.880281 -0.419299 0.288638 0.881329 0.98011 0.98011 0.881329 0.848401 0.897792 0 
0 -1.16016 -1.19309 -1.25894 -1.27541 -1.22602 -1.1437 -1.1437 -1.1437 -1.1437 -1.12724 -1.1437 -1.16016 -1.22602 -1.19309 -1.01199 -0.600399 -0.090026 0.519129 0.897792 0.848401 0.848401 0.864865 0.848401 0.815474 0 
0 -1.19309 -1.17663 -1.17663 -1.20955 -1.17663 -1.12724 -1.19309 -1.19309 -1.20955 -1.16016 -1.16016 -1.19309 -1.11077 -0.913208 -0.633326 -0.155881 0.354492 0.733156 0.848401 0.881329 0.897792 0.881329 0.831938 0.864865 0 
0 -1.20955 -1.17663 -1.12724 -1.20955 -1.20955 -1.07784 -1.16016 -1.25894 -1.29187 -1.22602 -1.07784 -0.781499 -0.452226 0.00875583 0.321565 0.552056 0.766083 0.864865 0.930719 0.947183 0.930719 0.930719 0.864865 0.864865 0 
0 -1.17663 -1.12724 -1.11077 -1.17663 -1.11077 -1.04492 -1.17663 -1.27541 -1.25894 -0.880281 -0.155881 0.354492 0.601447 0.749619 0.79901 0.897792 0.914256 0.914256 0.98011 0.947183 0.864865 0.815474 0.766083 0.831938 0 
0 -1.1437 -1.07784 -1.01199 -0.995526 -0.781499 -0.847353 -1.27541 -0.929671 -0.386371 0.156929 0.716692 0.782547 0.815474 0.831938 0.782547 0.848401 0.766083 0.782547 0.831938 0.79901 0.864865 0.79901 0.766083 0.815474 0 
0 -1.11077 -1.07784 -0.583935 -0.46869 -0.172344 -0.452226 -1.1437 -0.172344 0.601447 0.716692 0.815474 0.848401 0.815474 0.766083 0.716692 0.782547 0.79901 0.766083 0.716692 0.749619 0.848401 0.782547 0.79901 0.749619 0 
0 -0.551008 -0.732108 0.0581467 0.272174 0.420347 -0.122953 -0.995526 -0.452226 0.486201 0.749619 0.766083 0.864865 0.733156 0.700229 0.700229 0.766083 0.79901 0.683765 0.634374 0.716692 0.831938 0.79901 0.749619 0.667301 0 
0 0.25571 0.140465 0.535592 0.601447 0.61791 0.00875583 -0.353444 -0.205271 -0.271126 0.519129 0.79901 0.782547 0.634374 0.700229 0.782547 0.749619 0.683765 0.634374 0.683765 0.667301 0.733156 0.782547 0.782547 0.716692 0 
0 0.601447 0.519129 0.535592 0.43681 0.61791 0.00875583 -0.0406351 0.733156 0.0252195 -0.238199 0.370956 0.716692 0.683765 0.667301 0.716692 0.667301 0.650838 0.667301 0.716692 0.782547 0.733156 0.733156 0.733156 0.683765 0 
0 0.61791 0.584983 0.634374 0.519129 0.584983 -0.122953 -0.10649 0.552056 0.552056 0.124001 -0.419299 0.0746104 0.61791 0.683765 0.667301 0.716692 0.601447 0.667301 0.79901 0.79901 0.79901 0.815474 0.766083 0.667301 0 
0 0.519129 0.469738 0.568519 0.502665 0.453274 -0.221735 0.091074 0.716692 0.650838 0.766083 -0.0077078 -0.452226 0.239247 0.650838 0.766083 0.61791 0.469738 0.568519 0.61791 0.749619 0.766083 0.766083 0.79901 0.733156 0 
0 0 0 0 0 0 0 0 0 0 0 0 0 0 0 0 0 0 0 0 0 0 0 0 0 0 

0 0 0 0 0 0 0 0 0 0 0 0 0 0 0 0 0 0 0 0 0 0 0 0 0 0 
0 1.83622 1.85268 1.83622 1.85268 1.81976 1.81976 1.81976 1.83622 1.91854 1.935 1.90207 1.90207 1.91854 1.935 1.90207 1.83622 1.5728 1.60573 1.80329 1.81976 1.86915 1.85268 1.80329 1.81976 0 
0 1.77036 1.7539 1.77036 1.77036 1.72097 1.68805 1.67158 1.68805 1.73744 1.80329 1.83622 1.83622 1.83622 1.83622 1.85268 1.52341 0.222783 0.552056 1.72097 1.78683 1.86915 1.83622 1.80329 1.78683 0 
0 1.68805 1.67158 1.68805 1.67158 1.67158 1.67158 1.65512 1.67158 1.63866 1.63866 1.65512 1.68805 1.72097 1.70451 1.68805 1.17767 -0.64979 0.091074 1.58926 1.65512 1.70451 1.72097 1.67158 1.65512 0 
0 1.62219 1.63866 1.60573 1.62219 1.58926 1.52341 1.35877 1.37524 1.55634 1.55634 1.50695 1.52341 1.50695 1.62219 1.70451 0.996574 -0.748571 0.469738 1.62219 1.50695 1.49048 1.53987 1.50695 1.5728 0 
0 1.60573 1.60573 1.5728 1.30938 0.634374 -0.0406351 -0.402835 -0.28759 0.634374 1.42463 1.37524 1.37524 1.44109 1.49048 1.67158 0.864865 -0.929671 0.420347 1.58926 1.55634 1.52341 1.44109 1.53987 1.60573 0 
0 1.53987 1.3917 0.897792 0.0252195 -0.748571 -1.06138 -1.06138 -0.896744 -0.221735 0.61791 0.403883 0.683765 1.30938 1.44109 1.50695 0.749619 -0.962599 0.0581467 1.47402 1.55634 1.55634 1.45756 1.52341 1.55634 0 
0 1.3917 0.831938 -0.386371 -1.04492 -1.06138 -1.07784 -1.06138 -0.962599 -0.83089 -0.501617 -0.518081 -0.452226 0.288638 0.914256 1.30938 0.305101 -1.17663 -0.172344 1.44109 1.58926 1.53987 1.49048 1.47402 1.49048 0 
0 1.17767 -0.0077078 -0.979062 -1.09431 -1.06138 -1.04492 -1.06138 -0.979062 -0.946135 -0.929671 -0.781499 -0.699181 -0.534544 -0.304053 0.25571 -0.369908 -1.37419 -0.304053 1.35877 1.58926 1.50695 1.52341 1.49048 1.27646 0 
0 0.61791 -0.781499 -1.11077 -1.11077 -1.07784 -1.09431 -1.04492 -0.962599 -0.979062 -0.995526 -0.962599 -0.863817 -0.781499 -0.880281 -0.765035 -0.913208 -1.40712 -0.419299 1.29292 1.52341 1.49048 1.53987 1.47402 1.2106 0 
0 -0.271126 -1.1437 -1.1437 -1.19309 -1.1437 -1.12724 -1.07784 -0.995526 -0.979062 -1.02845 -1.01199 -0.995526 -0.896744 -0.962599 -1.02845 -1.07784 -1.34126 -0.205271 1.34231 1.45756 1.40816 1.42463 1.44109 1.3917 0 
0 -0.896744 -1.11077 -1.16016 -1.22602 -1.17663 -1.1437 -1.09431 -0.995526 -0.995526 -1.02845 -0.995526 -1.04492 -1.01199 -0.962599 -1.01199 -1.04492 -1.11077 0.091074 1.24353 1.34231 1.29292 1.27646 1.30938 1.32585 0 
0 -1.12724 -1.04492 -1.17663 -1.25894 -1.20955 -1.12724 -1.07784 -1.01199 -1.06138 -1.06138 -1.01199 -1.02845 -1.1437 -1.02845 -0.995526 -0.929671 -0.666253 0.338029 1.24353 1.37524 1.42463 1.37524 1.30938 1.29292 0 
0 -1.09431 -1.07784 -1.19309 -1.27541 -1.19309 -1.07784 -1.01199 -1.01199 -1.04492 -1.04492 -1.06138 -1.07784 -1.24248 -1.12724 -0.979062 -0.748571 -0.238199 0.584983 1.22706 1.35877 1.37524 1.25999 1.22706 1.27646 0 
0 -1.09431 -1.09431 -1.16016 -1.17663 -1.12724 -1.04492 -1.04492 -1.06138 -1.06138 -1.04492 -1.06138 -1.09431 -1.17663 -1.11077 -0.880281 -0.452226 0.124001 0.848401 1.25999 1.22706 1.24353 1.24353 1.22706 1.19414 0 
0 -1.11077 -1.07784 -1.07784 -1.09431 -1.07784 -1.02845 -1.11077 -1.11077 -1.1437 -1.07784 -1.04492 -1.07784 -0.995526 -0.765035 -0.435762 0.0746104 0.61791 1.09536 1.22706 1.25999 1.27646 1.25999 1.2106 1.24353 0 
0 -1.11077 -1.07784 -1.02845 -1.11077 -1.11077 -0.979062 -1.07784 -1.20955 -1.20955 -1.12724 -0.929671 -0.583935 -0.221735 0.25571 0.601447 0.864865 1.11182 1.25999 1.32585 1.34231 1.30938 1.30938 1.24353 1.24353 0 
0 -1.07784 -1.06138 -1.02845 -1.07784 -0.995526 -0.962599 -1.09431 -1.19309 -1.16016 -0.715644 0.107538 0.683765 0.947183 1.09536 1.16121 1.27646 1.30938 1.32585 1.37524 1.34231 1.25999 1.19414 1.14475 1.2106 0 
0 -1.07784 -1.04492 -0.946135 -0.863817 -0.64979 -0.765035 -1.16016 -0.781499 -0.188808 0.453274 1.09536 1.19414 1.2106 1.2106 1.17767 1.24353 1.16121 1.17767 1.22706 1.2106 1.25999 1.17767 1.14475 1.19414 0 
0 -0.962599 -0.979062 -0.452226 -0.254662 0.0581467 -0.28759 -0.995526 0.0416831 0.930719 1.12828 1.22706 1.24353 1.2106 1.16121 1.11182 1.17767 1.19414 1.14475 1.09536 1.14475 1.25999 1.16121 1.17767 1.12828 0 
0 -0.304053 -0.501617 0.305101 0.601447 0.766083 0.156929 -0.797962 -0.188808 0.864865 1.17767 1.17767 1.24353 1.11182 1.09536 1.09536 1.16121 1.17767 1.06243 1.0295 1.12828 1.24353 1.17767 1.12828 1.04596 0 
0 0.61791 0.486201 0.897792 1.0295 1.07889 0.387419 -0.0735623 0.0746104 0.0252195 0.864865 1.16121 1.16121 1.01304 1.09536 1.19414 1.16121 1.06243 1.01304 1.07889 1.06243 1.12828 1.16121 1.16121 1.09536 0 
0 1.01304 0.963647 0.98011 0.930719 1.11182 0.420347 0.305101 1.0295 0.288638 0.0252195 0.683765 1.04596 1.0295 1.06243 1.12828 1.06243 1.0295 1.04596 1.11182 1.19414 1.12828 1.11182 1.11182 1.06243 0 
0 1.04596 1.07889 1.11182 1.04596 1.07889 0.288638 0.25571 0.914256 0.897792 0.43681 -0.172344 0.338029 0.963647 1.07889 1.07889 1.11182 0.98011 1.04596 1.19414 1.2106 1.2106 1.19414 1.14475 1.04596 0 
0 0.963647 0.930719 1.01304 0.98011 0.897792 0.124001 0.43681 1.12828 1.07889 1.16121 0.288638 -0.188808 0.568519 1.01304 1.16121 0.996574 0.831938 0.947183 1.01304 1.16121 1.17767 1.16121 1.17767 1.11182 0 
0 0 0 0 0 0 0 0 0 0 0 0 0 0 0 0 0 0 0 0 0 0 0 0 0 0 

0 0 0 0 0 0 0 0 0 0 0 0 0 0 0 0 0 0 0 0 0 0 0 0 0 0 
0 -0.10649 -0.10649 -0.139417 -0.10649 -0.139417 -0.155881 -0.155881 -0.139417 -0.0570987 -0.0241714 -0.0570987 -0.0077078 0.00875583 -0.090026 -0.0570987 0.189856 0.189856 0.140465 0.0581467 -0.155881 -0.122953 0.00875583 -0.0077078 -0.0241714 0 
0 -0.172344 -0.221735 -0.221735 -0.221735 -0.271126 -0.28759 -0.238199 -0.205271 -0.172344 -0.122953 -0.090026 -0.0735623 -0.122953 -0.205271 -0.0406351 0.0581467 -0.880281 -0.64979 0.107538 -0.139417 -0.139417 -0.0406351 -0.0570987 -0.090026 0 
0 -0.205271 -0.254662 -0.254662 -0.271126 -0.238199 -0.172344 -0.0241714 0.00875583 -0.122953 -0.221735 -0.271126 -0.28759 -0.271126 -0.320517 -0.205271 -0.10649 -1.35773 -0.979062 -0.0570987 -0.238199 -0.122953 -0.0570987 -0.172344 -0.172344 0 
0 -0.221735 -0.221735 -0.188808 -0.0570987 0.0416831 0.140465 0.25571 0.272174 0.305101 0.173392 0.00875583 -0.155881 -0.28759 -0.304053 -0.238199 -0.205271 -1.19309 -0.501617 -0.090026 -0.369908 -0.221735 -0.188808 -0.304053 -0.221735 0 
0 -0.254662 -0.188808 0.0252195 0.140465 -0.221735 -0.666253 -0.715644 -0.567471 0.206319 0.864865 0.733156 0.486201 0.156929 -0.221735 -0.238199 -0.28759 -1.24248 -0.419299 -0.0570987 -0.353444 -0.238199 -0.28759 -0.271126 -0.205271 0 
0 -0.271126 -0.205271 -0.254662 -0.583935 -0.946135 -0.995526 -0.847353 -0.699181 -0.122953 0.634374 0.338029 0.420347 0.601447 0.107538 -0.188808 -0.254662 -1.12724 -0.600399 -0.0735623 -0.369908 -0.254662 -0.28759 -0.28759 -0.254662 0 
0 -0.28759 -0.419299 -1.11077 -1.20955 -0.863817 -0.732108 -0.765035 -0.715644 -0.633326 -0.369908 -0.435762 -0.452226 0.0416831 0.107538 0.0746104 -0.452226 -1.22602 -0.666253 -0.0077078 -0.353444 -0.320517 -0.304053 -0.336981 -0.304053 0 
0 -0.28759 -0.814426 -1.3248 -1.02845 -0.83089 -0.847353 -0.913208 -0.847353 -0.863817 -0.863817 -0.732108 -0.682717 -0.551008 -0.551008 -0.353444 -0.83089 -1.39065 -0.666253 -0.0077078 -0.369908 -0.419299 -0.304053 -0.336981 -0.534544 0 
0 -0.64979 -1.20955 -1.17663 -0.962599 -0.995526 -1.1437 -1.01199 -0.913208 -0.946135 -0.962599 -0.929671 -0.896744 -0.699181 -0.699181 -0.847353 -1.11077 -1.40712 -0.715644 -0.0077078 -0.435762 -0.46869 -0.304053 -0.336981 -0.583935 0 
0 -0.995526 -1.22602 -1.07784 -1.06138 -1.09431 -1.16016 -0.995526 -0.946135 -1.01199 -1.06138 -0.995526 -1.04492 -0.880281 -0.765035 -0.896744 -1.01199 -1.30834 -0.699181 0.0416831 -0.402835 -0.518081 -0.386371 -0.336981 -0.386371 0 
0 -1.09431 -1.02845 -1.06138 -1.12724 -1.09431 -1.04492 -0.979062 -0.995526 -1.11077 -1.1437 -0.995526 -1.07784 -1.07784 -0.962599 -0.979062 -0.946135 -1.17663 -0.699181 -0.10649 -0.402835 -0.583935 -0.501617 -0.419299 -0.419299 0 
0 -1.1437 -0.979062 -1.09431 -1.17663 -1.12724 -1.04492 -1.06138 -1.09431 -1.19309 -1.1437 -0.995526 -0.995526 -1.19309 -1.12724 -1.1437 -1.11077 -1.02845 -0.633326 -0.172344 -0.353444 -0.435762 -0.386371 -0.419299 -0.452226 0 
0 -0.995526 -1.02845 -1.1437 -1.22602 -1.1437 -1.04492 -1.09431 -1.1437 -1.1437 -1.11077 -1.02845 -0.979062 -1.16016 -1.17663 -1.20955 -1.12724 -0.847353 -0.616862 -0.304053 -0.386371 -0.46869 -0.518081 -0.518081 -0.46869 0 
0 -0.962599 -1.07784 -1.16016 -1.17663 -1.11077 -1.06138 -1.16016 -1.17663 -1.1437 -1.12724 -1.12724 -1.06138 -1.07784 -1.20955 -1.22602 -0.995526 -0.715644 -0.583935 -0.402835 -0.534544 -0.567471 -0.534544 -0.518081 -0.551008 0 
0 -1.04492 -1.11077 -1.09431 -1.12724 -1.11077 -1.07784 -1.19309 -1.17663 -1.17663 -1.20955 -1.3248 -1.34126 -1.29187 -1.25894 -1.19309 -0.896744 -0.600399 -0.567471 -0.551008 -0.518081 -0.518081 -0.518081 -0.534544 -0.501617 0 
0 -1.1437 -1.11077 -1.07784 -1.16016 -1.16016 -1.02845 -1.09431 -1.17663 -1.20955 -1.3248 -1.40712 -1.34126 -1.19309 -0.880281 -0.765035 -0.699181 -0.600399 -0.616862 -0.534544 -0.452226 -0.46869 -0.46869 -0.518081 -0.501617 0 
0 -1.09431 -1.06138 -1.09431 -1.29187 -1.22602 -1.06138 -1.17663 -1.20955 -1.24248 -1.24248 -0.979062 -0.781499 -0.64979 -0.567471 -0.600399 -0.600399 -0.633326 -0.567471 -0.485153 -0.501617 -0.551008 -0.583935 -0.616862 -0.551008 0 
0 -1.09431 -1.07784 -1.12724 -1.44004 -1.24248 -1.02845 -1.35773 -1.09431 -0.814426 -0.748571 -0.682717 -0.765035 -0.666253 -0.616862 -0.64979 -0.616862 -0.699181 -0.616862 -0.600399 -0.699181 -0.600399 -0.583935 -0.600399 -0.551008 0 
0 -1.39065 -1.34126 -0.995526 -1.25894 -1.02845 -0.946135 -1.29187 -0.699181 -0.534544 -0.765035 -0.732108 -0.64979 -0.666253 -0.699181 -0.748571 -0.666253 -0.633326 -0.600399 -0.715644 -0.765035 -0.600399 -0.583935 -0.567471 -0.616862 0 
0 -1.30834 -1.37419 -0.748571 -0.929671 -0.863817 -0.995526 -1.39065 -1.19309 -0.896744 -0.896744 -0.765035 -0.518081 -0.64979 -0.765035 -0.797962 -0.699181 -0.616862 -0.682717 -0.797962 -0.781499 -0.633326 -0.567471 -0.616862 -0.699181 0 
0 -0.880281 -0.863817 -0.600399 -0.896744 -0.896744 -1.11077 -1.1437 -0.995526 -1.25894 -0.682717 -0.567471 -0.534544 -0.666253 -0.748571 -0.748571 -0.715644 -0.715644 -0.732108 -0.748571 -0.83089 -0.732108 -0.583935 -0.583935 -0.64979 0 
0 -0.765035 -0.732108 -0.781499 -1.1437 -0.880281 -1.12724 -1.11077 -0.221735 -0.732108 -1.06138 -0.682717 -0.435762 -0.534544 -0.748571 -0.814426 -0.797962 -0.715644 -0.682717 -0.715644 -0.715644 -0.732108 -0.64979 -0.633326 -0.699181 0 
0 -0.814426 -0.781499 -0.715644 -0.979062 -0.765035 -1.04492 -1.24248 -0.748571 -0.64979 -0.863817 -1.16016 -0.748571 -0.518081 -0.732108 -0.896744 -0.765035 -0.748571 -0.666253 -0.633326 -0.699181 -0.666253 -0.567471 -0.600399 -0.699181 0 
0 -0.896744 -0.913208 -0.781499 -0.929671 -0.732108 -0.995526 -1.09431 -0.847353 -1.02845 -0.616862 -0.748571 -1.12724 -0.814426 -0.682717 -0.715644 -0.797962 -0.847353 -0.765035 -0.814426 -0.765035 -0.732108 -0.64979 -0.600399 -0.64979 0 
0 0 0 0 0 0 0 0 0 0 0 0 0 0 0 0 0 0 0 0 0 0 0 0 0 0 

