205 205 206 206 208 210 209 209 210 213 212 210 210 210 210 210 211 212 211 210 210 208 206 207 208 208 209 211 211 209 207 206 
206 206 205 204 205 206 204 205 207 211 213 212 212 213 213 214 215 214 213 213 213 210 208 209 210 210 210 209 210 211 209 208 
203 203 202 199 199 201 204 205 205 207 208 204 207 211 211 213 213 212 210 209 209 208 205 206 207 207 206 204 205 206 205 204 
202 202 202 203 205 207 208 209 207 207 206 204 209 212 210 210 211 211 209 208 209 207 206 207 208 208 205 205 207 206 205 205 
198 197 198 201 205 206 205 206 204 204 204 205 210 211 210 210 211 211 210 208 195 196 205 204 207 207 205 205 207 207 206 204 
199 199 199 200 202 200 201 201 198 196 196 197 200 204 206 206 205 205 207 191 116 135 202 202 207 206 205 203 202 205 203 200 
197 195 193 194 197 198 199 197 198 198 198 200 198 199 201 200 198 197 197 172 67 108 193 195 199 201 196 195 196 198 200 197 
193 192 192 190 194 197 196 197 197 194 186 188 200 201 199 194 187 193 198 162 64 132 195 186 186 189 186 189 195 195 196 196 
191 191 191 191 192 193 194 182 144 104 85 94 150 200 198 192 188 187 196 154 53 131 194 189 188 184 188 191 195 193 190 191 
191 190 190 189 187 180 155 107 64 47 49 59 101 155 142 156 186 187 188 148 53 110 188 189 190 185 186 188 189 190 187 186 
183 180 182 182 178 148 79 44 46 47 47 53 63 85 86 88 128 160 180 124 42 98 186 191 189 186 184 184 185 189 189 188 
175 176 180 181 167 99 45 41 45 45 44 49 53 57 68 72 81 92 122 86 30 91 182 191 186 188 184 171 175 184 185 186 
174 173 179 181 134 54 38 40 41 39 43 49 50 52 56 61 66 62 66 56 28 85 179 187 184 188 184 168 171 181 179 174 
171 171 181 171 86 38 40 37 40 40 44 50 51 50 52 53 59 56 52 48 32 96 181 182 179 182 182 179 180 182 180 170 
173 174 182 144 55 44 42 37 40 43 47 53 52 50 52 49 51 55 52 51 45 110 174 176 172 172 174 175 181 182 179 175 
170 168 164 98 43 49 41 36 39 45 47 51 48 48 52 51 44 50 51 55 69 123 173 178 180 178 174 173 182 179 177 179 
163 168 129 57 46 47 39 35 40 47 51 50 49 49 49 49 38 44 52 64 92 135 171 177 177 171 169 172 174 172 178 176 
172 155 89 48 47 45 41 40 43 48 48 48 48 49 48 47 43 45 56 81 112 149 172 169 169 170 169 167 164 166 173 174 
171 124 63 51 45 46 46 44 46 49 45 45 44 47 47 45 50 62 79 108 139 162 169 171 172 171 168 170 174 168 170 173 
160 105 54 54 44 46 49 44 44 52 47 41 39 43 52 70 90 118 137 151 164 170 174 175 174 174 170 170 175 174 169 166 
154 96 52 51 46 49 50 46 50 54 46 40 41 64 108 139 154 163 166 172 173 173 177 175 170 167 164 168 173 172 169 163 
158 97 47 47 48 52 56 57 70 66 40 61 94 127 161 165 167 168 165 169 164 165 168 166 170 166 164 167 169 167 164 161 
161 117 64 50 50 52 82 89 107 90 48 107 154 161 167 169 167 164 161 165 166 164 161 163 169 165 166 163 159 164 167 168 
161 153 124 98 84 73 121 134 143 110 57 90 147 163 164 170 162 160 160 164 166 159 156 161 168 166 163 158 156 158 161 165 
160 158 157 153 133 126 150 154 155 118 96 105 101 149 166 165 156 160 165 163 159 156 159 158 162 165 165 161 160 162 159 163 
159 163 159 157 154 149 150 144 155 118 115 162 119 103 140 161 159 158 161 158 157 158 161 165 162 162 162 159 152 152 158 156 
153 160 158 155 155 153 156 149 153 110 111 151 151 125 92 122 155 159 158 161 154 158 166 166 166 167 164 158 157 154 152 146 
151 156 151 149 149 146 152 148 145 104 123 161 157 164 117 90 132 157 164 155 146 152 155 163 164 164 166 162 159 158 162 156 
153 155 146 146 146 138 144 146 143 96 127 167 158 161 139 107 117 141 153 151 149 146 148 156 156 160 163 159 159 160 169 161 
150 151 145 147 153 146 151 147 144 93 125 159 153 147 120 93 116 148 152 148 145 148 151 149 149 153 157 159 158 158 161 153 
152 143 143 144 149 152 150 144 138 88 121 148 134 133 94 75 126 152 150 149 144 148 150 146 146 148 151 153 155 153 156 154 
151 141 139 140 142 147 144 137 129 75 94 113 121 123 67 92 136 142 143 144 143 145 144 152 159 146 137 136 131 130 146 147 

227 227 228 228 230 232 231 231 232 235 234 232 232 232 232 232 233 233 231 230 230 228 226 227 228 229 230 231 230 228 226 225 
229 228 227 226 227 228 227 228 230 233 236 235 235 236 236 237 237 236 236 235 234 232 229 230 231 231 231 230 230 230 228 228 
226 225 224 222 222 224 226 228 227 230 231 228 230 235 235 236 236 235 234 232 231 230 227 229 229 228 227 225 226 226 224 224 
225 225 225 225 228 230 232 233 230 230 230 228 233 235 234 234 234 235 233 230 229 228 228 231 231 230 227 227 228 227 226 225 
221 220 221 224 229 230 229 230 228 228 228 229 234 235 233 233 234 235 233 229 213 215 227 228 231 230 227 228 229 229 227 225 
222 222 222 223 225 224 225 225 222 220 219 220 223 227 229 229 229 229 230 210 131 151 222 226 231 229 227 226 225 227 225 221 
220 219 217 218 220 219 220 219 219 219 218 219 217 217 218 220 222 221 220 189 78 123 214 218 221 222 219 218 219 221 222 219 
218 216 216 214 216 217 215 216 214 210 200 201 212 212 209 210 209 216 221 178 72 146 216 209 208 211 209 213 218 218 218 217 
215 215 215 215 215 215 213 197 156 115 93 100 156 204 201 201 205 208 219 170 61 143 214 212 210 205 211 215 218 216 213 212 
215 214 214 213 211 202 172 119 72 53 53 63 104 155 142 159 197 205 209 163 59 121 207 212 212 206 210 212 212 213 210 208 
207 204 206 206 202 168 94 54 53 52 53 59 67 87 86 90 135 173 197 136 46 107 205 214 211 208 207 208 208 212 212 210 
200 200 204 205 189 117 58 51 53 54 53 58 60 61 70 75 85 99 133 95 34 99 200 214 209 210 208 195 198 207 207 208 
199 197 203 205 155 70 50 50 52 51 54 59 58 57 59 65 70 64 71 62 32 92 196 210 208 211 207 191 194 204 201 196 
195 196 206 192 101 48 48 45 48 49 52 57 58 55 56 57 63 59 55 52 36 105 199 206 203 204 205 202 203 205 203 193 
197 199 207 161 63 50 47 43 46 48 51 57 57 55 57 54 56 59 56 54 50 123 193 199 196 195 197 198 204 205 202 198 
193 192 186 112 49 54 46 41 44 49 52 56 53 53 56 55 48 55 57 61 77 138 193 201 204 201 197 196 205 202 200 201 
187 189 145 66 51 52 45 40 45 52 56 56 54 54 53 52 42 49 58 72 103 153 192 200 201 194 192 195 197 195 201 198 
195 174 102 54 51 51 47 46 49 54 54 53 53 54 53 51 46 50 64 90 125 169 194 192 193 193 192 190 187 189 196 196 
194 142 72 56 50 52 52 51 52 55 50 50 48 52 54 52 57 71 91 122 155 184 192 194 195 194 191 193 197 191 193 195 
184 122 62 58 50 52 55 50 50 58 52 44 44 49 61 82 104 133 154 170 185 194 198 199 197 197 193 193 198 197 192 189 
176 112 59 55 52 53 55 52 57 59 51 45 47 74 124 159 175 184 188 195 197 198 201 199 194 190 187 191 196 195 192 185 
179 111 55 52 52 54 60 65 78 71 47 70 106 145 184 190 191 191 189 193 188 189 192 191 194 189 187 190 192 189 186 183 
182 133 76 60 59 58 90 102 121 100 57 120 174 186 192 193 191 188 185 189 190 187 184 187 194 188 189 186 182 186 189 189 
184 172 141 114 99 87 136 154 164 127 69 106 170 189 189 193 185 184 184 188 189 182 180 186 193 189 186 181 179 180 183 187 
184 180 178 174 155 147 172 180 183 141 113 122 119 170 188 188 179 184 190 188 182 179 183 182 186 188 188 184 183 184 181 185 
183 187 182 181 179 176 177 174 185 143 136 180 135 119 159 181 180 182 186 182 180 181 185 190 186 185 185 182 175 174 180 178 
177 184 182 179 181 183 185 181 183 135 133 173 172 144 107 138 176 183 183 185 177 181 190 191 191 190 187 181 180 176 174 167 
177 181 176 174 176 174 179 177 172 125 144 186 183 188 135 106 152 179 188 178 168 175 179 188 189 188 189 185 181 181 185 178 
180 182 174 174 172 163 168 171 165 111 146 190 185 189 163 127 135 161 176 173 171 169 172 181 181 185 187 182 182 183 192 184 
178 178 173 175 179 169 174 170 163 106 140 179 177 174 145 113 134 168 174 170 167 171 174 173 174 177 180 182 180 181 183 175 
180 171 171 173 176 176 174 168 158 101 133 165 157 156 116 94 144 172 173 172 167 170 173 170 170 170 172 174 177 175 178 175 
179 168 166 168 169 171 167 161 149 86 103 129 143 144 86 111 156 163 166 167 165 167 167 176 182 168 158 156 153 152 166 167 

120 120 121 121 121 121 121 120 121 125 125 124 123 123 123 121 122 127 129 130 131 131 130 131 131 128 131 135 136 137 137 137 
118 118 117 116 115 114 113 113 115 119 120 119 119 120 120 123 125 123 123 125 126 125 122 123 127 129 129 129 131 135 136 135 
114 114 113 110 108 108 111 112 112 114 111 107 110 114 114 121 124 117 115 118 122 120 114 114 119 125 124 121 124 127 128 128 
110 111 110 111 113 112 114 115 112 112 108 105 110 113 112 117 120 113 112 120 128 125 115 111 114 122 120 119 122 123 125 125 
105 104 105 108 111 111 109 111 109 108 108 109 114 116 114 117 118 112 114 129 129 126 121 108 110 118 117 116 119 121 122 123 
105 106 105 107 107 104 104 104 101 100 103 105 107 110 112 113 110 105 115 121 64 78 124 109 109 115 114 112 113 117 118 118 
106 105 103 104 105 102 102 101 103 107 116 118 110 104 101 100 101 98 105 111 35 58 114 103 110 114 107 107 110 113 117 116 
105 104 104 102 104 104 106 114 120 126 133 134 136 128 118 108 100 99 103 105 45 87 112 95 104 106 99 104 111 113 116 116 
102 103 103 103 102 106 119 126 104 77 74 83 130 170 162 147 127 104 103 100 42 92 114 96 103 100 101 105 111 111 110 112 
103 103 102 101 101 105 102 82 60 57 66 75 110 156 138 143 154 124 106 102 49 81 113 95 102 100 100 102 105 108 107 109 
95 92 94 94 100 92 50 44 65 73 71 74 79 95 91 90 120 124 122 90 43 77 117 96 98 99 97 99 101 106 109 111 
87 88 92 92 100 68 37 55 67 66 62 66 65 65 73 76 84 84 96 67 33 77 117 95 92 99 97 85 92 102 105 108 
86 84 90 93 78 44 46 59 57 48 56 62 60 59 61 63 75 75 66 50 32 74 117 91 89 99 97 82 87 98 99 94 
84 79 86 97 57 43 52 53 51 47 57 60 56 53 57 54 64 71 63 56 38 75 120 93 86 94 97 94 96 99 99 88 
88 81 88 92 51 55 53 49 51 54 58 57 50 48 57 52 52 59 58 60 46 75 111 93 82 87 92 92 98 99 96 92 
84 83 89 67 48 58 51 46 49 54 53 51 45 48 57 57 45 49 48 50 55 79 107 96 91 94 92 90 99 96 94 97 
78 94 79 46 57 55 48 43 48 54 51 48 48 50 55 58 47 46 44 49 66 80 99 94 89 86 86 89 91 89 95 96 
86 90 62 53 59 52 47 46 50 53 47 46 48 49 49 53 52 44 43 57 74 82 93 85 83 85 86 84 81 83 89 94 
85 66 51 63 54 50 51 49 50 52 45 46 46 44 37 36 39 41 45 63 81 83 84 86 86 86 85 87 91 85 86 93 
76 51 51 66 48 50 52 47 47 55 51 46 44 37 32 36 45 64 71 75 81 80 85 90 89 89 86 87 92 91 86 85 
75 53 52 64 51 53 51 39 43 53 46 44 42 42 58 70 78 83 81 81 79 83 88 87 84 82 80 84 90 91 88 84 
85 61 42 53 51 52 49 30 42 55 35 51 68 72 76 71 77 80 78 80 75 80 81 75 81 82 81 84 87 88 86 86 
84 71 38 33 33 36 57 41 55 60 39 75 85 71 73 78 77 75 72 77 79 81 74 71 81 82 83 80 78 85 90 94 
77 89 73 49 38 34 72 61 65 57 33 45 63 63 71 86 78 71 69 75 80 76 69 70 79 83 80 75 74 79 84 91 
72 80 83 80 64 65 81 63 63 50 48 57 41 76 83 85 77 72 72 74 74 73 72 67 73 82 82 78 78 83 82 89 
69 76 73 72 71 73 70 48 64 49 50 104 73 53 76 91 85 72 68 69 74 76 74 74 73 78 79 75 70 73 81 82 
64 71 70 68 68 70 74 58 71 54 42 72 78 65 47 72 86 73 63 71 72 77 79 75 77 83 81 75 75 75 74 72 
64 68 64 64 63 62 70 61 73 57 51 66 55 80 72 49 68 76 74 69 66 71 68 71 73 78 81 78 77 79 83 80 
67 69 61 62 60 56 63 60 78 56 53 74 59 68 77 60 58 70 74 72 73 67 61 62 62 69 77 75 78 80 86 82 
65 66 60 62 67 62 69 60 80 57 60 77 65 66 62 46 60 79 74 68 67 71 67 58 58 65 75 79 79 79 80 76 
66 58 57 59 61 64 64 55 73 57 75 77 56 69 52 32 67 80 69 64 62 70 68 59 59 65 74 78 77 75 80 81 
66 57 54 56 53 55 56 48 64 48 65 53 52 75 37 49 71 67 60 59 61 67 64 68 76 69 69 68 57 56 77 81 

