-1.07677 -1.10587 -1.10587 -0.84391 0.174836 1.07715 1.22269 1.00439 0.625995 0.0729613 -0.5965 -0.785696 -0.640161 -0.5965 -0.494626 -0.363644 -0.363644 -0.130788 0.407692 0.989833 1.29546 1.57197 1.45555 0.77153 
-1.09132 -1.13498 -1.10587 -1.004 -0.0871274 1.00439 1.42644 1.36822 1.23724 1.00439 0.669655 0.349478 0.393139 0.393139 0.320371 0.48046 0.625995 0.858851 1.22269 1.39733 1.51376 1.44099 1.31001 0.364032 
-1.09132 -1.13498 -1.13498 -1.14953 -0.581947 0.698762 1.29546 1.31001 1.51376 1.42644 1.22269 1.32456 1.45555 1.19358 0.975279 1.2809 1.48465 1.26635 1.03349 1.2809 1.58653 1.2809 0.742423 -0.581947 
-1.07677 -1.09132 -1.16409 -1.2223 -1.14953 -0.349091 0.698762 1.23724 1.57197 1.20814 0.989833 1.51376 1.76117 1.49921 1.00439 1.44099 1.45555 1.00439 0.960726 0.77153 1.0626 1.19358 0.102068 -1.07677 
-1.12043 -1.12043 -1.14953 -1.2223 -1.20775 -1.09132 -0.276323 0.625995 0.669655 0.538674 0.800637 0.509567 0.538674 1.07715 0.684209 0.917065 0.640548 -0.116234 -0.130788 -0.0725739 -0.116234 -0.26177 -0.829357 -1.13498 
-1.16409 -1.13498 -1.12043 -1.12043 -1.16409 -1.19319 -1.10587 -0.829357 -0.334537 0.349478 -0.0143598 -0.290877 -0.130788 0.305818 0.0584078 0.102068 0.174836 -0.0143598 -0.203556 -0.334537 -0.931231 -1.19319 -1.20775 -1.16409 
-1.16409 -1.14953 -1.13498 -1.14953 -1.17864 -1.17864 -1.16409 -1.17864 -0.392751 0.917065 0.727869 0.611441 0.538674 -0.189002 -0.581947 -0.683822 -0.232663 0.829744 0.800637 -0.145341 -1.07677 -1.16409 -1.13498 -1.03311 
-1.16409 -1.16409 -1.16409 -1.16409 -1.16409 -1.17864 -1.16409 -1.16409 -0.698375 0.596888 1.26635 0.960726 0.23305 -0.421858 -0.494626 -0.581947 -0.55284 0.0875148 0.465906 -0.509179 -1.20775 -1.13498 -0.960338 -0.640161 
-1.16409 -1.16409 -1.16409 -1.16409 -1.16409 -1.16409 -1.16409 -1.16409 -1.004 0.0438543 1.12081 0.756977 -0.290877 -0.30543 -0.669268 -0.712929 -0.290877 -0.174448 -0.174448 -0.858464 -1.20775 -1.13498 -0.902124 -0.523733 
-1.17864 -1.17864 -1.16409 -1.13498 -1.13498 -1.14953 -1.13498 -1.13498 -1.07677 -0.116234 1.03349 1.42644 0.567781 0.262157 -0.189002 -0.232663 0.436799 0.378585 -0.276323 -1.07677 -1.16409 -1.16409 -0.974892 -0.55284 
-1.17864 -1.16409 -1.14953 -1.16409 -1.16409 -1.17864 -1.16409 -1.13498 -0.567393 0.829744 1.44099 1.77572 1.70296 1.36822 1.16447 1.09171 1.0626 0.902512 -0.290877 -1.17864 -1.16409 -1.16409 -1.12043 -0.902124 
-1.19319 -1.14953 -1.16409 -1.20775 -1.19319 -1.16409 -1.07677 -0.436412 0.713316 1.63019 1.60108 1.65929 1.71751 1.71751 1.76117 1.65929 1.38278 0.815191 -0.55284 -1.12043 -1.03311 -1.04766 -1.07677 -1.10587 
-1.12043 -1.13498 -1.20775 -1.25141 -1.16409 -0.887571 -0.0871274 0.960726 1.58653 1.80483 1.65929 1.39733 1.67385 1.49921 1.35367 1.52831 1.36822 0.276711 -0.887571 -1.004 -1.004 -1.09132 -1.13498 -1.13498 
-1.06221 -1.10587 -1.2223 -1.16409 -0.640161 0.102068 1.09171 1.57197 1.6884 1.77572 1.77572 1.32456 1.58653 1.64474 1.38278 1.65929 1.38278 -0.334537 -1.03311 -0.960338 -1.06221 -1.10587 -1.10587 -1.09132 
-1.09132 -0.916678 -0.465519 0.407692 1.0626 1.07715 1.33912 1.54287 1.70296 1.76117 1.79028 1.74662 1.71751 1.71751 1.61563 1.74662 1.17903 -0.55284 -1.01855 -0.989445 -1.06221 -1.07677 -1.09132 -1.09132 
-0.84391 -0.0289133 0.786084 1.52831 1.65929 1.44099 1.41188 1.49921 1.70296 1.80483 1.76117 1.8776 1.89215 1.86304 1.86304 1.81938 1.2809 -0.290877 -1.01855 -1.03311 -1.06221 -1.06221 -1.07677 -1.07677 
0.145729 0.917065 1.14992 1.64474 1.79028 1.64474 1.57197 1.55742 1.65929 1.81938 1.70296 1.71751 1.80483 1.83394 1.89215 1.8776 1.49921 0.0729613 -1.01855 -1.07677 -1.09132 -1.07677 -1.04766 -1.07677 
1.01894 1.16447 1.19358 1.48465 1.73206 1.6884 1.54287 1.52831 1.60108 1.77572 1.73206 1.58653 1.67385 1.81938 1.89215 1.89215 1.57197 0.320371 -0.989445 -1.10587 -1.07677 -1.04766 -1.06221 -1.10587 
1.22269 1.32456 1.35367 1.45555 1.58653 1.63019 1.58653 1.58653 1.73206 1.84849 1.84849 1.67385 1.58653 1.79028 1.89215 1.77572 1.36822 -0.116234 -1.07677 -1.09132 -1.04766 -1.04766 -1.03311 -1.03311 
1.31001 1.44099 1.58653 1.65929 1.58653 1.55742 1.55742 1.61563 1.80483 1.80483 1.79028 1.60108 1.54287 1.79028 1.73206 1.52831 0.48046 -0.887571 -1.06221 -1.04766 -1.03311 -1.004 -0.974892 -0.960338 
1.48465 1.54287 1.65929 1.80483 1.70296 1.45555 1.38278 1.61563 1.71751 1.61563 1.63019 1.44099 1.42644 1.51376 1.45555 0.873405 -0.5965 -1.09132 -0.989445 -0.989445 -0.974892 -0.974892 -0.974892 -0.974892 
1.4701 1.48465 1.55742 1.67385 1.74662 1.51376 1.26635 1.54287 1.67385 1.44099 1.09171 1.13537 1.42644 1.14992 0.553227 -0.450965 -1.03311 -1.01855 -0.974892 -0.974892 -0.989445 -1.004 -0.989445 -1.01855 
1.33912 1.44099 1.49921 1.60108 1.54287 1.45555 1.33912 1.41188 1.44099 1.04805 0.77153 1.04805 0.669655 -0.116234 -0.785696 -1.03311 -1.03311 -1.004 -0.945785 -0.974892 -1.01855 -1.01855 -1.01855 -1.03311 
0.0875148 0.567781 0.960726 1.35367 1.2518 1.09171 1.29546 1.31001 0.960726 0.669655 0.596888 0.669655 0.291264 -0.829357 -1.07677 -1.03311 -1.04766 -1.004 -0.989445 -0.989445 -0.989445 -0.989445 -1.004 -0.945785 

-1.13498 -1.16409 -1.19319 -1.01855 -0.0580204 0.800637 0.917065 0.596888 0.203943 -0.30543 -0.902124 -1.04766 -0.887571 -0.873017 -0.771143 -0.625607 -0.625607 -0.392751 0.0293007 0.436799 0.844298 1.32456 1.31001 0.625995 
-1.13498 -1.17864 -1.17864 -1.16409 -0.378198 0.582334 0.887958 0.77153 0.640548 0.495013 0.247603 -0.0143598 -0.0143598 -0.189002 -0.30543 -0.145341 0.00019371 0.247603 0.596888 0.800637 1.04805 1.13537 1.13537 0.247603 
-1.14953 -1.16409 -1.16409 -1.20775 -0.80025 0.262157 0.684209 0.625995 0.873405 0.873405 0.756977 0.931619 1.0626 0.713316 0.48046 0.786084 1.00439 0.786084 0.538674 0.786084 1.12081 0.917065 0.495013 -0.698375 
-1.14953 -1.17864 -1.16409 -1.13498 -1.14953 -0.581947 0.247603 0.611441 0.975279 0.727869 0.582334 1.14992 1.39733 1.10626 0.596888 1.04805 1.0626 0.611441 0.553227 0.305818 0.553227 0.742423 -0.203556 -1.19319 
-1.16409 -1.16409 -1.16409 -1.14953 -1.16409 -1.13498 -0.450965 0.305818 0.291264 0.131175 0.436799 0.203943 0.247603 0.698762 0.305818 0.582334 0.305818 -0.465519 -0.523733 -0.465519 -0.465519 -0.523733 -0.989445 -1.19319 
-1.16409 -1.13498 -1.12043 -1.12043 -1.16409 -1.17864 -1.10587 -0.887571 -0.538286 -0.0434668 -0.465519 -0.669268 -0.421858 0.0293007 -0.159895 -0.0871274 -0.0580204 -0.334537 -0.581947 -0.625607 -1.09132 -1.25141 -1.19319 -1.16409 
-1.16409 -1.14953 -1.13498 -1.14953 -1.17864 -1.17864 -1.14953 -1.17864 -0.567393 0.52412 0.203943 0.0875148 0.116622 -0.407305 -0.742036 -0.873017 -0.509179 0.407692 0.364032 -0.363644 -1.17864 -1.16409 -1.10587 -1.03311 
-1.16409 -1.16409 -1.16409 -1.16409 -1.16409 -1.17864 -1.14953 -1.14953 -0.84391 0.247603 0.829744 0.52412 -0.0871274 -0.55284 -0.581947 -0.654714 -0.712929 -0.203556 0.174836 -0.625607 -1.20775 -1.06221 -0.916678 -0.654714 
-1.16409 -1.16409 -1.16409 -1.16409 -1.16409 -1.16409 -1.16409 -1.16409 -1.10587 -0.203556 0.829744 0.553227 -0.392751 -0.378198 -0.683822 -0.683822 -0.26177 -0.203556 -0.232663 -0.887571 -1.16409 -1.04766 -0.84391 -0.538286 
-1.16409 -1.17864 -1.17864 -1.19319 -1.19319 -1.19319 -1.17864 -1.17864 -1.10587 -0.276323 0.727869 1.17903 0.52412 0.247603 -0.203556 -0.218109 0.451353 0.364032 -0.30543 -1.10587 -1.16409 -1.14953 -0.974892 -0.581947 
-1.13498 -1.14953 -1.16409 -1.16409 -1.16409 -1.16409 -1.14953 -1.20775 -0.698375 0.436799 0.844298 1.41188 1.67385 1.35367 1.12081 1.03349 1.00439 0.829744 -0.334537 -1.16409 -1.12043 -1.12043 -1.06221 -0.84391 
-1.10587 -1.13498 -1.13498 -1.10587 -1.10587 -1.13498 -1.13498 -0.654714 0.393139 1.0626 0.858851 1.19358 1.60108 1.61563 1.64474 1.57197 1.31001 0.756977 -0.538286 -1.004 -0.887571 -0.902124 -0.931231 -0.945785 
-0.989445 -1.07677 -1.10587 -1.12043 -1.14953 -1.07677 -0.509179 0.422246 1.19358 1.4701 1.17903 0.931619 1.41188 1.2518 1.13537 1.36822 1.2809 0.23305 -0.873017 -0.902124 -0.887571 -0.960338 -1.004 -0.989445 
-0.931231 -1.01855 -1.12043 -1.10587 -0.814803 -0.407305 0.291264 0.786084 1.29546 1.67385 1.61563 0.946172 1.17903 1.33912 1.13537 1.48465 1.29546 -0.349091 -1.004 -0.916678 -1.01855 -1.04766 -1.03311 -1.004 
-1.01855 -1.03311 -0.654714 0.145729 0.582334 0.291264 0.393139 0.829744 1.22269 1.4701 1.57197 1.54287 1.4701 1.49921 1.45555 1.65929 1.16447 -0.480072 -0.960338 -0.960338 -1.03311 -1.01855 -0.989445 -0.974892 
-0.873017 -0.465519 0.218496 1.01894 1.0626 0.669655 0.553227 0.756977 1.10626 1.33912 1.39733 1.57197 1.64474 1.70296 1.76117 1.76117 1.2809 -0.247216 -0.974892 -0.989445 -1.01855 -0.989445 -0.960338 -0.931231 
-0.218109 0.131175 0.291264 0.946172 1.14992 0.975279 0.829744 0.786084 1.00439 1.31001 1.2809 1.29546 1.45555 1.70296 1.84849 1.84849 1.48465 0.0584078 -1.004 -1.004 -0.989445 -0.945785 -0.902124 -0.887571 
0.145729 0.189389 0.305818 0.756977 1.10626 1.09171 0.902512 0.829744 0.989833 1.32456 1.36822 1.19358 1.35367 1.73206 1.89215 1.8776 1.52831 0.247603 -1.004 -1.004 -0.945785 -0.887571 -0.858464 -0.873017 
0.247603 0.422246 0.553227 0.756977 0.946172 0.960726 0.873405 0.858851 1.12081 1.41188 1.52831 1.36822 1.35367 1.73206 1.89215 1.74662 1.33912 -0.159895 -1.06221 -0.960338 -0.902124 -0.873017 -0.84391 -0.814803 
0.495013 0.684209 0.858851 1.00439 0.931619 0.844298 0.786084 0.902512 1.14992 1.2809 1.39733 1.31001 1.33912 1.70296 1.6884 1.51376 0.495013 -0.858464 -0.974892 -0.902124 -0.873017 -0.84391 -0.814803 -0.80025 
0.625995 0.815191 1.03349 1.23724 1.13537 0.815191 0.698762 0.960726 1.12081 1.09171 1.22269 1.12081 1.20814 1.44099 1.42644 0.873405 -0.567393 -1.03311 -0.887571 -0.84391 -0.814803 -0.814803 -0.814803 -0.814803 
0.640548 0.756977 0.917065 1.09171 1.16447 0.873405 0.538674 0.742423 0.960726 0.902512 0.727869 0.917065 1.31001 1.12081 0.553227 -0.407305 -0.960338 -0.916678 -0.858464 -0.814803 -0.829357 -0.84391 -0.829357 -0.858464 
0.611441 0.684209 0.756977 0.931619 0.873405 0.742423 0.509567 0.378585 0.52412 0.436799 0.465906 0.975279 0.698762 -0.101681 -0.756589 -0.974892 -0.945785 -0.902124 -0.814803 -0.814803 -0.858464 -0.858464 -0.858464 -0.858464 
-0.101681 0.0875148 0.320371 0.611441 0.436799 0.276711 0.436799 0.291264 0.00019371 0.0438543 0.349478 0.495013 0.0875148 -0.785696 -0.960338 -0.931231 -0.916678 -0.873017 -0.858464 -0.84391 -0.84391 -0.84391 -0.829357 -0.756589 

-1.17864 -1.2223 -1.28052 -1.16409 -0.247216 0.596888 0.684209 0.276711 -0.0871274 -0.509179 -1.04766 -1.16409 -1.004 -0.989445 -0.902124 -0.80025 -0.829357 -0.611054 -0.26177 0.0729613 0.567781 1.13537 1.14992 0.436799 
-1.17864 -1.20775 -1.2223 -1.28052 -0.611054 0.23305 0.509567 0.48046 0.364032 0.145729 -0.130788 -0.407305 -0.392751 -0.567393 -0.698375 -0.567393 -0.465519 -0.247216 0.116622 0.378585 0.713316 0.902512 0.960726 0.0875148 
-1.19319 -1.20775 -1.19319 -1.26596 -0.960338 -0.101681 0.262157 0.393139 0.582334 0.393139 0.174836 0.364032 0.52412 0.145729 -0.116234 0.160282 0.334925 0.0729613 -0.116234 0.305818 0.727869 0.611441 0.305818 -0.771143 
-1.20775 -1.25141 -1.17864 -1.07677 -1.14953 -0.771143 -0.0580204 0.407692 0.625995 0.131175 -0.0580204 0.625995 0.989833 0.698762 0.174836 0.567781 0.553227 0.0584078 0.0147472 -0.189002 0.102068 0.378585 -0.407305 -1.19319 
-1.17864 -1.2223 -1.16409 -1.07677 -1.12043 -1.17864 -0.567393 0.116622 -0.0725739 -0.378198 -0.0289133 -0.0289133 0.145729 0.48046 0.0729613 0.407692 0.145729 -0.640161 -0.742036 -0.785696 -0.771143 -0.742036 -1.07677 -1.14953 
-1.16409 -1.13498 -1.12043 -1.12043 -1.16409 -1.17864 -1.12043 -1.01855 -0.858464 -0.480072 -0.84391 -0.814803 -0.450965 -0.174448 -0.349091 -0.189002 -0.130788 -0.436412 -0.742036 -0.829357 -1.23686 -1.28052 -1.17864 -1.16409 
-1.16409 -1.14953 -1.13498 -1.14953 -1.17864 -1.17864 -1.14953 -1.25141 -0.84391 0.0293007 -0.30543 -0.276323 -0.0725739 -0.567393 -0.873017 -0.989445 -0.698375 0.102068 0.0438543 -0.581947 -1.29507 -1.20775 -1.12043 -1.07677 
-1.16409 -1.16409 -1.16409 -1.16409 -1.16409 -1.17864 -1.14953 -1.17864 -1.07677 -0.232663 0.305818 0.131175 -0.30543 -0.654714 -0.640161 -0.742036 -0.873017 -0.523733 -0.145341 -0.814803 -1.30962 -1.12043 -0.960338 -0.756589 
-1.16409 -1.16409 -1.16409 -1.17864 -1.17864 -1.17864 -1.16409 -1.19319 -1.29507 -0.625607 0.378585 0.247603 -0.523733 -0.436412 -0.698375 -0.698375 -0.334537 -0.378198 -0.450965 -1.01855 -1.23686 -1.10587 -0.916678 -0.698375 
-1.19319 -1.17864 -1.20775 -1.23686 -1.23686 -1.2223 -1.20775 -1.23686 -1.26596 -0.625607 0.262157 0.858851 0.451353 0.262157 -0.159895 -0.189002 0.451353 0.320371 -0.349091 -1.12043 -1.19319 -1.19319 -1.04766 -0.698375 
-1.16409 -1.17864 -1.17864 -1.16409 -1.14953 -1.13498 -1.14953 -1.28052 -0.931231 -0.0725739 0.174836 0.989833 1.61563 1.36822 1.13537 1.0626 1.01894 0.844298 -0.290877 -1.04766 -1.01855 -1.06221 -1.04766 -0.84391 
-1.09132 -1.14953 -1.10587 -1.03311 -1.03311 -1.10587 -1.19319 -0.858464 0.0147472 0.407692 0.0875148 0.713316 1.51376 1.57197 1.60108 1.54287 1.31001 0.77153 -0.450965 -0.785696 -0.654714 -0.712929 -0.771143 -0.829357 
-0.974892 -1.06221 -1.03311 -1.004 -1.13498 -1.2223 -0.84391 -0.0434668 0.77153 0.975279 0.567781 0.436799 1.16447 1.10626 1.01894 1.29546 1.26635 0.247603 -0.756589 -0.640161 -0.625607 -0.727482 -0.814803 -0.84391 
-0.858464 -0.945785 -1.04766 -1.10587 -0.989445 -0.80025 -0.30543 0.116622 0.844298 1.41188 1.2518 0.509567 0.800637 1.12081 1.00439 1.39733 1.2809 -0.319984 -0.902124 -0.712929 -0.814803 -0.858464 -0.858464 -0.858464 
-0.829357 -0.974892 -0.80025 -0.247216 0.0293007 -0.290877 -0.189002 0.160282 0.625995 0.989833 1.16447 1.10626 1.07715 1.31001 1.33912 1.60108 1.17903 -0.436412 -0.873017 -0.873017 -0.931231 -0.902124 -0.858464 -0.814803 
-0.742036 -0.683822 -0.218109 0.436799 0.393139 0.0438543 -0.0580204 0.0147472 0.393139 0.742423 0.873405 1.04805 1.20814 1.51376 1.65929 1.70296 1.26635 -0.218109 -0.902124 -0.902124 -0.916678 -0.858464 -0.80025 -0.756589 
-0.363644 -0.392751 -0.363644 0.276711 0.465906 0.291264 0.116622 -0.0289133 0.218496 0.655102 0.698762 0.713316 0.975279 1.54287 1.79028 1.80483 1.45555 0.0438543 -0.960338 -0.902124 -0.858464 -0.785696 -0.712929 -0.683822 
-0.421858 -0.509179 -0.363644 0.131175 0.451353 0.349478 0.0875148 0.00019371 0.247603 0.698762 0.815191 0.655102 0.902512 1.61563 1.86304 1.83394 1.48465 0.174836 -1.004 -0.887571 -0.785696 -0.698375 -0.640161 -0.654714 
-0.407305 -0.319984 -0.159895 0.102068 0.262157 0.189389 0.0293007 0.131175 0.495013 0.873405 1.04805 0.902512 0.975279 1.64474 1.8776 1.73206 1.33912 -0.174448 -1.004 -0.785696 -0.683822 -0.640161 -0.611054 -0.581947 
-0.101681 -0.0434668 0.102068 0.320371 0.23305 0.0875148 -0.0143598 0.189389 0.52412 0.742423 0.931619 0.873405 1.01894 1.64474 1.70296 1.54287 0.553227 -0.785696 -0.84391 -0.654714 -0.611054 -0.581947 -0.55284 -0.538286 
-0.0580204 0.116622 0.349478 0.596888 0.509567 0.145729 -0.0434668 0.145729 0.320371 0.378585 0.655102 0.713316 0.989833 1.45555 1.51376 0.975279 -0.436412 -0.887571 -0.698375 -0.5965 -0.538286 -0.55284 -0.55284 -0.55284 
-0.101681 0.0293007 0.218496 0.451353 0.52412 0.189389 -0.203556 -0.0580204 0.145729 0.145729 0.189389 0.655102 1.29546 1.2518 0.713316 -0.232663 -0.756589 -0.698375 -0.611054 -0.55284 -0.567393 -0.581947 -0.567393 -0.5965 
-0.0580204 -0.0871274 0.00019371 0.218496 0.174836 0.00019371 -0.26177 -0.276323 -0.159895 -0.232663 0.0293007 0.887958 0.873405 0.102068 -0.538286 -0.727482 -0.683822 -0.611054 -0.538286 -0.55284 -0.5965 -0.5965 -0.5965 -0.5965 
-0.0871274 -0.232663 -0.189002 0.0147472 -0.203556 -0.378198 -0.218109 -0.349091 -0.538286 -0.363644 0.0293007 0.262157 0.0147472 -0.654714 -0.742036 -0.669268 -0.640161 -0.567393 -0.567393 -0.654714 -0.625607 -0.567393 -0.509179 -0.392751 

