0 0 0 0 0 0 0 0 0 0 0 0 0 0 0 0 0 0 0 0 0 0 0 0 0 0 
0 -7.2732e-310 -7.2732e-310 -7.2732e-310 -7.2732e-310 -7.2732e-310 -7.2732e-310 -7.2732e-310 -7.2732e-310 -7.2732e-310 -7.2732e-310 -7.2732e-310 -7.2732e-310 -7.2732e-310 -7.2732e-310 -7.2732e-310 -7.2732e-310 -7.2732e-310 -7.2732e-310 -7.2732e-310 -7.2732e-310 -7.2732e-310 -7.2732e-310 -7.2732e-310 -7.2732e-310 0 
0 -7.2732e-310 -7.2732e-310 -7.2732e-310 -7.2732e-310 -7.2732e-310 -7.2732e-310 -7.2732e-310 -7.2732e-310 -7.2732e-310 -7.2732e-310 -7.2732e-310 -7.2732e-310 -7.2732e-310 -7.2732e-310 -7.2732e-310 -7.2732e-310 -7.2732e-310 -7.2732e-310 -7.2732e-310 -7.2732e-310 -7.2732e-310 -7.2732e-310 -7.2732e-310 -7.2732e-310 0 
0 -7.2732e-310 -7.2732e-310 -7.2732e-310 -7.2732e-310 -7.2732e-310 -7.2732e-310 -7.2732e-310 -7.2732e-310 -7.2732e-310 -7.2732e-310 -7.2732e-310 -7.2732e-310 -7.2732e-310 -7.2732e-310 -7.2732e-310 -7.2732e-310 -7.2732e-310 -7.2732e-310 -7.2732e-310 -7.2732e-310 -7.2732e-310 -7.2732e-310 -7.2732e-310 -7.2732e-310 0 
0 -7.2732e-310 -7.2732e-310 -7.2732e-310 -7.2732e-310 -7.2732e-310 -7.2732e-310 -7.2732e-310 -7.2732e-310 -7.2732e-310 -7.2732e-310 -7.2732e-310 -7.2732e-310 -7.2732e-310 -7.2732e-310 -7.2732e-310 -7.2732e-310 -7.2732e-310 -7.2732e-310 -7.2732e-310 -7.2732e-310 -7.2732e-310 -7.2732e-310 -7.2732e-310 -7.2732e-310 0 
0 -7.2732e-310 -7.2732e-310 -7.2732e-310 -7.2732e-310 -7.2732e-310 -7.2732e-310 -7.2732e-310 -7.2732e-310 -7.2732e-310 -7.2732e-310 -7.2732e-310 -7.2732e-310 -7.2732e-310 -7.2732e-310 -7.2732e-310 -7.2732e-310 -7.2732e-310 -7.2732e-310 -7.2732e-310 -7.2732e-310 -7.2732e-310 -7.2732e-310 -7.2732e-310 -7.2732e-310 0 
0 -7.2732e-310 -7.2732e-310 -7.2732e-310 -7.2732e-310 -7.2732e-310 -7.2732e-310 -7.2732e-310 -7.2732e-310 -7.2732e-310 -7.2732e-310 -7.2732e-310 -7.2732e-310 -7.2732e-310 -7.2732e-310 -7.2732e-310 -7.2732e-310 -7.2732e-310 -7.2732e-310 -7.2732e-310 -7.2732e-310 -7.2732e-310 -7.2732e-310 -7.2732e-310 -7.2732e-310 0 
0 -7.2732e-310 -7.2732e-310 -7.2732e-310 -7.2732e-310 -7.2732e-310 -7.2732e-310 -7.2732e-310 -7.2732e-310 -7.2732e-310 -7.2732e-310 -7.2732e-310 -7.2732e-310 -7.2732e-310 -7.2732e-310 -7.2732e-310 -7.2732e-310 -7.2732e-310 -7.2732e-310 -7.2732e-310 -7.2732e-310 -7.2732e-310 -7.2732e-310 -7.2732e-310 -7.2732e-310 0 
0 -7.2732e-310 -7.2732e-310 -7.2732e-310 -7.2732e-310 -7.2732e-310 -7.2732e-310 -7.2732e-310 -7.2732e-310 -7.2732e-310 -7.2732e-310 -7.2732e-310 -7.2732e-310 -7.2732e-310 -7.2732e-310 -7.2732e-310 -7.2732e-310 -7.2732e-310 -7.2732e-310 -7.2732e-310 -7.2732e-310 -7.2732e-310 -7.2732e-310 -7.2732e-310 -7.2732e-310 0 
0 -7.2732e-310 -7.2732e-310 -7.2732e-310 -7.2732e-310 -7.2732e-310 -7.2732e-310 -7.2732e-310 -7.2732e-310 -7.2732e-310 -7.2732e-310 -7.2732e-310 -7.2732e-310 -7.2732e-310 -7.2732e-310 -7.2732e-310 -7.2732e-310 -7.2732e-310 -7.2732e-310 -7.2732e-310 -7.2732e-310 -7.2732e-310 -7.2732e-310 -7.2732e-310 -7.2732e-310 0 
0 -7.2732e-310 -7.2732e-310 -7.2732e-310 -7.2732e-310 -7.2732e-310 -7.2732e-310 -7.2732e-310 -7.2732e-310 -7.2732e-310 -7.2732e-310 -7.2732e-310 -7.2732e-310 -7.2732e-310 -7.2732e-310 -7.2732e-310 -7.2732e-310 -7.2732e-310 -7.2732e-310 -7.2732e-310 -7.2732e-310 -7.2732e-310 -7.2732e-310 -7.2732e-310 -7.2732e-310 0 
0 -7.2732e-310 -7.2732e-310 -7.2732e-310 -7.2732e-310 -7.2732e-310 -7.2732e-310 -7.2732e-310 -7.2732e-310 -7.2732e-310 -7.2732e-310 -7.2732e-310 -7.2732e-310 -7.2732e-310 -7.2732e-310 -7.2732e-310 -7.2732e-310 -7.2732e-310 -7.2732e-310 -7.2732e-310 -7.2732e-310 -7.2732e-310 -7.2732e-310 -7.2732e-310 -7.2732e-310 0 
0 -7.2732e-310 -7.2732e-310 -7.2732e-310 -7.2732e-310 -7.2732e-310 -7.2732e-310 -7.2732e-310 -7.2732e-310 -7.2732e-310 -7.2732e-310 -7.2732e-310 -7.2732e-310 -7.2732e-310 -7.2732e-310 -7.2732e-310 -7.2732e-310 -7.2732e-310 -7.2732e-310 -7.2732e-310 -7.2732e-310 -7.2732e-310 -7.2732e-310 -7.2732e-310 -7.2732e-310 0 
0 -7.2732e-310 -7.2732e-310 -7.2732e-310 -7.2732e-310 -7.2732e-310 -7.2732e-310 -7.2732e-310 -7.2732e-310 -7.2732e-310 -7.2732e-310 -7.2732e-310 -7.2732e-310 -7.2732e-310 -7.2732e-310 -7.2732e-310 -7.2732e-310 -7.2732e-310 -7.2732e-310 -7.2732e-310 -7.2732e-310 -7.2732e-310 -7.2732e-310 -7.2732e-310 -7.2732e-310 0 
0 -7.2732e-310 -7.2732e-310 -7.2732e-310 -7.2732e-310 -7.2732e-310 -7.2732e-310 -7.2732e-310 -7.2732e-310 -7.2732e-310 -7.2732e-310 -7.2732e-310 -7.2732e-310 -7.2732e-310 -7.2732e-310 -7.2732e-310 -7.2732e-310 -7.2732e-310 -7.2732e-310 -7.2732e-310 -7.2732e-310 -7.2732e-310 -7.2732e-310 -7.2732e-310 -7.2732e-310 0 
0 -7.2732e-310 -7.2732e-310 -7.2732e-310 -7.2732e-310 -7.2732e-310 -7.2732e-310 -7.2732e-310 -7.2732e-310 -7.2732e-310 -7.2732e-310 -7.2732e-310 -7.2732e-310 -7.2732e-310 -7.2732e-310 -7.2732e-310 -7.2732e-310 -7.2732e-310 -7.2732e-310 -7.2732e-310 -7.2732e-310 -7.2732e-310 -7.2732e-310 -7.2732e-310 -7.2732e-310 0 
0 -7.2732e-310 -7.2732e-310 -7.2732e-310 -7.2732e-310 -7.2732e-310 -7.2732e-310 -7.2732e-310 -7.2732e-310 -7.2732e-310 -7.2732e-310 -7.2732e-310 -7.2732e-310 -7.2732e-310 -7.2732e-310 -7.2732e-310 -7.2732e-310 -7.2732e-310 -7.2732e-310 -7.2732e-310 -7.2732e-310 -7.2732e-310 -7.2732e-310 -7.2732e-310 -7.2732e-310 0 
0 -7.2732e-310 -7.2732e-310 -7.2732e-310 -7.2732e-310 -7.2732e-310 -7.2732e-310 -7.2732e-310 -7.2732e-310 -7.2732e-310 -7.2732e-310 -7.2732e-310 -7.2732e-310 -7.2732e-310 -7.2732e-310 -7.2732e-310 -7.2732e-310 -7.2732e-310 -7.2732e-310 -7.2732e-310 -7.2732e-310 -7.2732e-310 -7.2732e-310 -7.2732e-310 -7.2732e-310 0 
0 -7.2732e-310 -7.2732e-310 -7.2732e-310 -7.2732e-310 -7.2732e-310 -7.2732e-310 -7.2732e-310 -7.2732e-310 -7.2732e-310 -7.2732e-310 -7.2732e-310 -7.2732e-310 -7.2732e-310 -7.2732e-310 -7.2732e-310 -7.2732e-310 -7.2732e-310 -7.2732e-310 -7.2732e-310 -7.2732e-310 -7.2732e-310 -7.2732e-310 -7.2732e-310 -7.2732e-310 0 
0 -7.2732e-310 -7.2732e-310 -7.2732e-310 -7.2732e-310 -7.2732e-310 -7.2732e-310 -7.2732e-310 -7.2732e-310 -7.2732e-310 -7.2732e-310 -7.2732e-310 -7.2732e-310 -7.2732e-310 -7.2732e-310 -7.2732e-310 -7.2732e-310 -7.2732e-310 -7.2732e-310 -7.2732e-310 -7.2732e-310 -7.2732e-310 -7.2732e-310 -7.2732e-310 -7.2732e-310 0 
0 -7.2732e-310 -7.2732e-310 -7.2732e-310 -7.2732e-310 -7.2732e-310 -7.2732e-310 -7.2732e-310 -7.2732e-310 -7.2732e-310 -7.2732e-310 -7.2732e-310 -7.2732e-310 -7.2732e-310 -7.2732e-310 -7.2732e-310 -7.2732e-310 -7.2732e-310 -7.2732e-310 -7.2732e-310 -7.2732e-310 -7.2732e-310 -7.2732e-310 -7.2732e-310 -7.2732e-310 0 
0 -7.2732e-310 -7.2732e-310 -7.2732e-310 -7.2732e-310 -7.2732e-310 -7.2732e-310 -7.2732e-310 -7.2732e-310 -7.2732e-310 -7.2732e-310 -7.2732e-310 -7.2732e-310 -7.2732e-310 -7.2732e-310 -7.2732e-310 -7.2732e-310 -7.2732e-310 -7.2732e-310 -7.2732e-310 -7.2732e-310 -7.2732e-310 -7.2732e-310 -7.2732e-310 -7.2732e-310 0 
0 -7.2732e-310 -7.2732e-310 -7.2732e-310 -7.2732e-310 -7.2732e-310 -7.2732e-310 -7.2732e-310 -7.2732e-310 -7.2732e-310 -7.2732e-310 -7.2732e-310 -7.2732e-310 -7.2732e-310 -7.2732e-310 -7.2732e-310 -7.2732e-310 -7.2732e-310 -7.2732e-310 -7.2732e-310 -7.2732e-310 -7.2732e-310 -7.2732e-310 -7.2732e-310 -7.2732e-310 0 
0 -7.2732e-310 -7.2732e-310 -7.2732e-310 -7.2732e-310 -7.2732e-310 -7.2732e-310 -7.2732e-310 -7.2732e-310 -7.2732e-310 -7.2732e-310 -7.2732e-310 -7.2732e-310 -7.2732e-310 -7.2732e-310 -7.2732e-310 -7.2732e-310 -7.2732e-310 -7.2732e-310 -7.2732e-310 -7.2732e-310 -7.2732e-310 -7.2732e-310 -7.2732e-310 -7.2732e-310 0 
0 -7.2732e-310 -7.2732e-310 -7.2732e-310 -7.2732e-310 -7.2732e-310 -7.2732e-310 -7.2732e-310 -7.2732e-310 -7.2732e-310 -7.2732e-310 -7.2732e-310 -7.2732e-310 -7.2732e-310 -7.2732e-310 -7.2732e-310 -7.2732e-310 -7.2732e-310 -7.2732e-310 -7.2732e-310 -7.2732e-310 -7.2732e-310 -7.2732e-310 -7.2732e-310 -7.2732e-310 0 
0 0 0 0 0 0 0 0 0 0 0 0 0 0 0 0 0 0 0 0 0 0 0 0 0 0 

0 0 0 0 0 0 0 0 0 0 0 0 0 0 0 0 0 0 0 0 0 0 0 0 0 0 
0 -7.2732e-310 -7.2732e-310 -7.2732e-310 -7.2732e-310 -7.2732e-310 -7.2732e-310 -7.2732e-310 -7.2732e-310 -7.2732e-310 -7.2732e-310 -7.2732e-310 -7.2732e-310 -7.2732e-310 -7.2732e-310 -7.2732e-310 -7.2732e-310 -7.2732e-310 -7.2732e-310 -7.2732e-310 -7.2732e-310 -7.2732e-310 -7.2732e-310 -7.2732e-310 -7.2732e-310 0 
0 -7.2732e-310 -7.2732e-310 -7.2732e-310 -7.2732e-310 -7.2732e-310 -7.2732e-310 -7.2732e-310 -7.2732e-310 -7.2732e-310 -7.2732e-310 -7.2732e-310 -7.2732e-310 -7.2732e-310 -7.2732e-310 -7.2732e-310 -7.2732e-310 -7.2732e-310 -7.2732e-310 -7.2732e-310 -7.2732e-310 -7.2732e-310 -7.2732e-310 -7.2732e-310 -7.2732e-310 0 
0 -7.2732e-310 -7.2732e-310 -7.2732e-310 -7.2732e-310 -7.2732e-310 -7.2732e-310 -7.2732e-310 -7.2732e-310 -7.2732e-310 -7.2732e-310 -7.2732e-310 -7.2732e-310 -7.2732e-310 -7.2732e-310 -7.2732e-310 -7.2732e-310 -7.2732e-310 -7.2732e-310 -7.2732e-310 -7.2732e-310 -7.2732e-310 -7.2732e-310 -7.2732e-310 -7.2732e-310 0 
0 -7.2732e-310 -7.2732e-310 -7.2732e-310 -7.2732e-310 -7.2732e-310 -7.2732e-310 -7.2732e-310 -7.2732e-310 -7.2732e-310 -7.2732e-310 -7.2732e-310 -7.2732e-310 -7.2732e-310 -7.2732e-310 -7.2732e-310 -7.2732e-310 -7.2732e-310 -7.2732e-310 -7.2732e-310 -7.2732e-310 -7.2732e-310 -7.2732e-310 -7.2732e-310 -7.2732e-310 0 
0 -7.2732e-310 -7.2732e-310 -7.2732e-310 -7.2732e-310 -7.2732e-310 -7.2732e-310 -7.2732e-310 -7.2732e-310 -7.2732e-310 -7.2732e-310 -7.2732e-310 -7.2732e-310 -7.2732e-310 -7.2732e-310 -7.2732e-310 -7.2732e-310 -7.2732e-310 -7.2732e-310 -7.2732e-310 -7.2732e-310 -7.2732e-310 -7.2732e-310 -7.2732e-310 -7.2732e-310 0 
0 -7.2732e-310 -7.2732e-310 -7.2732e-310 -7.2732e-310 -7.2732e-310 -7.2732e-310 -7.2732e-310 -7.2732e-310 -7.2732e-310 -7.2732e-310 -7.2732e-310 -7.2732e-310 -7.2732e-310 -7.2732e-310 -7.2732e-310 -7.2732e-310 -7.2732e-310 -7.2732e-310 -7.2732e-310 -7.2732e-310 -7.2732e-310 -7.2732e-310 -7.2732e-310 -7.2732e-310 0 
0 -7.2732e-310 -7.2732e-310 -7.2732e-310 -7.2732e-310 -7.2732e-310 -7.2732e-310 -7.2732e-310 -7.2732e-310 -7.2732e-310 -7.2732e-310 -7.2732e-310 -7.2732e-310 -7.2732e-310 -7.2732e-310 -7.2732e-310 -7.2732e-310 -7.2732e-310 -7.2732e-310 -7.2732e-310 -7.2732e-310 -7.2732e-310 -7.2732e-310 -7.2732e-310 -7.2732e-310 0 
0 -7.2732e-310 -7.2732e-310 -7.2732e-310 -7.2732e-310 -7.2732e-310 -7.2732e-310 -7.2732e-310 -7.2732e-310 -7.2732e-310 -7.2732e-310 -7.2732e-310 -7.2732e-310 -7.2732e-310 -7.2732e-310 -7.2732e-310 -7.2732e-310 -7.2732e-310 -7.2732e-310 -7.2732e-310 -7.2732e-310 -7.2732e-310 -7.2732e-310 -7.2732e-310 -7.2732e-310 0 
0 -7.2732e-310 -7.2732e-310 -7.2732e-310 -7.2732e-310 -7.2732e-310 -7.2732e-310 -7.2732e-310 -7.2732e-310 -7.2732e-310 -7.2732e-310 -7.2732e-310 -7.2732e-310 -7.2732e-310 -7.2732e-310 -7.2732e-310 -7.2732e-310 -7.2732e-310 -7.2732e-310 -7.2732e-310 -7.2732e-310 -7.2732e-310 -7.2732e-310 -7.2732e-310 -7.2732e-310 0 
0 -7.2732e-310 -7.2732e-310 -7.2732e-310 -7.2732e-310 -7.2732e-310 -7.2732e-310 -7.2732e-310 -7.2732e-310 -7.2732e-310 -7.2732e-310 -7.2732e-310 -7.2732e-310 -7.2732e-310 -7.2732e-310 -7.2732e-310 -7.2732e-310 -7.2732e-310 -7.2732e-310 -7.2732e-310 -7.2732e-310 -7.2732e-310 -7.2732e-310 -7.2732e-310 -7.2732e-310 0 
0 -7.2732e-310 -7.2732e-310 -7.2732e-310 -7.2732e-310 -7.2732e-310 -7.2732e-310 -7.2732e-310 -7.2732e-310 -7.2732e-310 -7.2732e-310 -7.2732e-310 -7.2732e-310 -7.2732e-310 -7.2732e-310 -7.2732e-310 -7.2732e-310 -7.2732e-310 -7.2732e-310 -7.2732e-310 -7.2732e-310 -7.2732e-310 -7.2732e-310 -7.2732e-310 -7.2732e-310 0 
0 -7.2732e-310 -7.2732e-310 -7.2732e-310 -7.2732e-310 -7.2732e-310 -7.2732e-310 -7.2732e-310 -7.2732e-310 -7.2732e-310 -7.2732e-310 -7.2732e-310 -7.2732e-310 -7.2732e-310 -7.2732e-310 -7.2732e-310 -7.2732e-310 -7.2732e-310 -7.2732e-310 -7.2732e-310 -7.2732e-310 -7.2732e-310 -7.2732e-310 -7.2732e-310 -7.2732e-310 0 
0 -7.2732e-310 -7.2732e-310 -7.2732e-310 -7.2732e-310 -7.2732e-310 -7.2732e-310 -7.2732e-310 -7.2732e-310 -7.2732e-310 -7.2732e-310 -7.2732e-310 -7.2732e-310 -7.2732e-310 -7.2732e-310 -7.2732e-310 -7.2732e-310 -7.2732e-310 -7.2732e-310 -7.2732e-310 -7.2732e-310 -7.2732e-310 -7.2732e-310 -7.2732e-310 -7.2732e-310 0 
0 -7.2732e-310 -7.2732e-310 -7.2732e-310 -7.2732e-310 -7.2732e-310 -7.2732e-310 -7.2732e-310 -7.2732e-310 -7.2732e-310 -7.2732e-310 -7.2732e-310 -7.2732e-310 -7.2732e-310 -7.2732e-310 -7.2732e-310 -7.2732e-310 -7.2732e-310 -7.2732e-310 -7.2732e-310 -7.2732e-310 -7.2732e-310 -7.2732e-310 -7.2732e-310 -7.2732e-310 0 
0 -7.2732e-310 -7.2732e-310 -7.2732e-310 -7.2732e-310 -7.2732e-310 -7.2732e-310 -7.2732e-310 -7.2732e-310 -7.2732e-310 -7.2732e-310 -7.2732e-310 -7.2732e-310 -7.2732e-310 -7.2732e-310 -7.2732e-310 -7.2732e-310 -7.2732e-310 -7.2732e-310 -7.2732e-310 -7.2732e-310 -7.2732e-310 -7.2732e-310 -7.2732e-310 -7.2732e-310 0 
0 -7.2732e-310 -7.2732e-310 -7.2732e-310 -7.2732e-310 -7.2732e-310 -7.2732e-310 -7.2732e-310 -7.2732e-310 -7.2732e-310 -7.2732e-310 -7.2732e-310 -7.2732e-310 -7.2732e-310 -7.2732e-310 -7.2732e-310 -7.2732e-310 -7.2732e-310 -7.2732e-310 -7.2732e-310 -7.2732e-310 -7.2732e-310 -7.2732e-310 -7.2732e-310 -7.2732e-310 0 
0 -7.2732e-310 -7.2732e-310 -7.2732e-310 -7.2732e-310 -7.2732e-310 -7.2732e-310 -7.2732e-310 -7.2732e-310 -7.2732e-310 -7.2732e-310 -7.2732e-310 -7.2732e-310 -7.2732e-310 -7.2732e-310 -7.2732e-310 -7.2732e-310 -7.2732e-310 -7.2732e-310 -7.2732e-310 -7.2732e-310 -7.2732e-310 -7.2732e-310 -7.2732e-310 -7.2732e-310 0 
0 -7.2732e-310 -7.2732e-310 -7.2732e-310 -7.2732e-310 -7.2732e-310 -7.2732e-310 -7.2732e-310 -7.2732e-310 -7.2732e-310 -7.2732e-310 -7.2732e-310 -7.2732e-310 -7.2732e-310 -7.2732e-310 -7.2732e-310 -7.2732e-310 -7.2732e-310 -7.2732e-310 -7.2732e-310 -7.2732e-310 -7.2732e-310 -7.2732e-310 -7.2732e-310 -7.2732e-310 0 
0 -7.2732e-310 -7.2732e-310 -7.2732e-310 -7.2732e-310 -7.2732e-310 -7.2732e-310 -7.2732e-310 -7.2732e-310 -7.2732e-310 -7.2732e-310 -7.2732e-310 -7.2732e-310 -7.2732e-310 -7.2732e-310 -7.2732e-310 -7.2732e-310 -7.2732e-310 -7.2732e-310 -7.2732e-310 -7.2732e-310 -7.2732e-310 -7.2732e-310 -7.2732e-310 -7.2732e-310 0 
0 -7.2732e-310 -7.2732e-310 -7.2732e-310 -7.2732e-310 -7.2732e-310 -7.2732e-310 -7.2732e-310 -7.2732e-310 -7.2732e-310 -7.2732e-310 -7.2732e-310 -7.2732e-310 -7.2732e-310 -7.2732e-310 -7.2732e-310 -7.2732e-310 -7.2732e-310 -7.2732e-310 -7.2732e-310 -7.2732e-310 -7.2732e-310 -7.2732e-310 -7.2732e-310 -7.2732e-310 0 
0 -7.2732e-310 -7.2732e-310 -7.2732e-310 -7.2732e-310 -7.2732e-310 -7.2732e-310 -7.2732e-310 -7.2732e-310 -7.2732e-310 -7.2732e-310 -7.2732e-310 -7.2732e-310 -7.2732e-310 -7.2732e-310 -7.2732e-310 -7.2732e-310 -7.2732e-310 -7.2732e-310 -7.2732e-310 -7.2732e-310 -7.2732e-310 -7.2732e-310 -7.2732e-310 -7.2732e-310 0 
0 -7.2732e-310 -7.2732e-310 -7.2732e-310 -7.2732e-310 -7.2732e-310 -7.2732e-310 -7.2732e-310 -7.2732e-310 -7.2732e-310 -7.2732e-310 -7.2732e-310 -7.2732e-310 -7.2732e-310 -7.2732e-310 -7.2732e-310 -7.2732e-310 -7.2732e-310 -7.2732e-310 -7.2732e-310 -7.2732e-310 -7.2732e-310 -7.2732e-310 -7.2732e-310 -7.2732e-310 0 
0 -7.2732e-310 -7.2732e-310 -7.2732e-310 -7.2732e-310 -7.2732e-310 -7.2732e-310 -7.2732e-310 -7.2732e-310 -7.2732e-310 -7.2732e-310 -7.2732e-310 -7.2732e-310 -7.2732e-310 -7.2732e-310 -7.2732e-310 -7.2732e-310 -7.2732e-310 -7.2732e-310 -7.2732e-310 -7.2732e-310 -7.2732e-310 -7.2732e-310 -7.2732e-310 -7.2732e-310 0 
0 -7.2732e-310 -7.2732e-310 -7.2732e-310 -7.2732e-310 -7.2732e-310 -7.2732e-310 -7.2732e-310 -7.2732e-310 -7.2732e-310 -7.2732e-310 -7.2732e-310 -7.2732e-310 -7.2732e-310 -7.2732e-310 -7.2732e-310 -7.2732e-310 -7.2732e-310 -7.2732e-310 -7.2732e-310 -7.2732e-310 -7.2732e-310 -7.2732e-310 -7.2732e-310 -7.2732e-310 0 
0 0 0 0 0 0 0 0 0 0 0 0 0 0 0 0 0 0 0 0 0 0 0 0 0 0 

0 0 0 0 0 0 0 0 0 0 0 0 0 0 0 0 0 0 0 0 0 0 0 0 0 0 
0 -7.2732e-310 -7.2732e-310 -7.2732e-310 -7.2732e-310 -7.2732e-310 -7.2732e-310 -7.2732e-310 -7.2732e-310 -7.2732e-310 -7.2732e-310 -7.2732e-310 -7.2732e-310 -7.2732e-310 -7.2732e-310 -7.2732e-310 -7.2732e-310 -7.2732e-310 -7.2732e-310 -7.2732e-310 -7.2732e-310 -7.2732e-310 -7.2732e-310 -7.2732e-310 -7.2732e-310 0 
0 -7.2732e-310 -7.2732e-310 -7.2732e-310 -7.2732e-310 -7.2732e-310 -7.2732e-310 -7.2732e-310 -7.2732e-310 -7.2732e-310 -7.2732e-310 -7.2732e-310 -7.2732e-310 -7.2732e-310 -7.2732e-310 -7.2732e-310 -7.2732e-310 -7.2732e-310 -7.2732e-310 -7.2732e-310 -7.2732e-310 -7.2732e-310 -7.2732e-310 -7.2732e-310 -7.2732e-310 0 
0 -7.2732e-310 -7.2732e-310 -7.2732e-310 -7.2732e-310 -7.2732e-310 -7.2732e-310 -7.2732e-310 -7.2732e-310 -7.2732e-310 -7.2732e-310 -7.2732e-310 -7.2732e-310 -7.2732e-310 -7.2732e-310 -7.2732e-310 -7.2732e-310 -7.2732e-310 -7.2732e-310 -7.2732e-310 -7.2732e-310 -7.2732e-310 -7.2732e-310 -7.2732e-310 -7.2732e-310 0 
0 -7.2732e-310 -7.2732e-310 -7.2732e-310 -7.2732e-310 -7.2732e-310 -7.2732e-310 -7.2732e-310 -7.2732e-310 -7.2732e-310 -7.2732e-310 -7.2732e-310 -7.2732e-310 -7.2732e-310 -7.2732e-310 -7.2732e-310 -7.2732e-310 -7.2732e-310 -7.2732e-310 -7.2732e-310 -7.2732e-310 -7.2732e-310 -7.2732e-310 -7.2732e-310 -7.2732e-310 0 
0 -7.2732e-310 -7.2732e-310 -7.2732e-310 -7.2732e-310 -7.2732e-310 -7.2732e-310 -7.2732e-310 -7.2732e-310 -7.2732e-310 -7.2732e-310 -7.2732e-310 -7.2732e-310 -7.2732e-310 -7.2732e-310 -7.2732e-310 -7.2732e-310 -7.2732e-310 -7.2732e-310 -7.2732e-310 -7.2732e-310 -7.2732e-310 -7.2732e-310 -7.2732e-310 -7.2732e-310 0 
0 -7.2732e-310 -7.2732e-310 -7.2732e-310 -7.2732e-310 -7.2732e-310 -7.2732e-310 -7.2732e-310 -7.2732e-310 -7.2732e-310 -7.2732e-310 -7.2732e-310 -7.2732e-310 -7.2732e-310 -7.2732e-310 -7.2732e-310 -7.2732e-310 -7.2732e-310 -7.2732e-310 -7.2732e-310 -7.2732e-310 -7.2732e-310 -7.2732e-310 -7.2732e-310 -7.2732e-310 0 
0 -7.2732e-310 -7.2732e-310 -7.2732e-310 -7.2732e-310 -7.2732e-310 -7.2732e-310 -7.2732e-310 -7.2732e-310 -7.2732e-310 -7.2732e-310 -7.2732e-310 -7.2732e-310 -7.2732e-310 -7.2732e-310 -7.2732e-310 -7.2732e-310 -7.2732e-310 -7.2732e-310 -7.2732e-310 -7.2732e-310 -7.2732e-310 -7.2732e-310 -7.2732e-310 -7.2732e-310 0 
0 -7.2732e-310 -7.2732e-310 -7.2732e-310 -7.2732e-310 -7.2732e-310 -7.2732e-310 -7.2732e-310 -7.2732e-310 -7.2732e-310 -7.2732e-310 -7.2732e-310 -7.2732e-310 -7.2732e-310 -7.2732e-310 -7.2732e-310 -7.2732e-310 -7.2732e-310 -7.2732e-310 -7.2732e-310 -7.2732e-310 -7.2732e-310 -7.2732e-310 -7.2732e-310 -7.2732e-310 0 
0 -7.2732e-310 -7.2732e-310 -7.2732e-310 -7.2732e-310 -7.2732e-310 -7.2732e-310 -7.2732e-310 -7.2732e-310 -7.2732e-310 -7.2732e-310 -7.2732e-310 -7.2732e-310 -7.2732e-310 -7.2732e-310 -7.2732e-310 -7.2732e-310 -7.2732e-310 -7.2732e-310 -7.2732e-310 -7.2732e-310 -7.2732e-310 -7.2732e-310 -7.2732e-310 -7.2732e-310 0 
0 -7.2732e-310 -7.2732e-310 -7.2732e-310 -7.2732e-310 -7.2732e-310 -7.2732e-310 -7.2732e-310 -7.2732e-310 -7.2732e-310 -7.2732e-310 -7.2732e-310 -7.2732e-310 -7.2732e-310 -7.2732e-310 -7.2732e-310 -7.2732e-310 -7.2732e-310 -7.2732e-310 -7.2732e-310 -7.2732e-310 -7.2732e-310 -7.2732e-310 -7.2732e-310 -7.2732e-310 0 
0 -7.2732e-310 -7.2732e-310 -7.2732e-310 -7.2732e-310 -7.2732e-310 -7.2732e-310 -7.2732e-310 -7.2732e-310 -7.2732e-310 -7.2732e-310 -7.2732e-310 -7.2732e-310 -7.2732e-310 -7.2732e-310 -7.2732e-310 -7.2732e-310 -7.2732e-310 -7.2732e-310 -7.2732e-310 -7.2732e-310 -7.2732e-310 -7.2732e-310 -7.2732e-310 -7.2732e-310 0 
0 -7.2732e-310 -7.2732e-310 -7.2732e-310 -7.2732e-310 -7.2732e-310 -7.2732e-310 -7.2732e-310 -7.2732e-310 -7.2732e-310 -7.2732e-310 -7.2732e-310 -7.2732e-310 -7.2732e-310 -7.2732e-310 -7.2732e-310 -7.2732e-310 -7.2732e-310 -7.2732e-310 -7.2732e-310 -7.2732e-310 -7.2732e-310 -7.2732e-310 -7.2732e-310 -7.2732e-310 0 
0 -7.2732e-310 -7.2732e-310 -7.2732e-310 -7.2732e-310 -7.2732e-310 -7.2732e-310 -7.2732e-310 -7.2732e-310 -7.2732e-310 -7.2732e-310 -7.2732e-310 -7.2732e-310 -7.2732e-310 -7.2732e-310 -7.2732e-310 -7.2732e-310 -7.2732e-310 -7.2732e-310 -7.2732e-310 -7.2732e-310 -7.2732e-310 -7.2732e-310 -7.2732e-310 -7.2732e-310 0 
0 -7.2732e-310 -7.2732e-310 -7.2732e-310 -7.2732e-310 -7.2732e-310 -7.2732e-310 -7.2732e-310 -7.2732e-310 -7.2732e-310 -7.2732e-310 -7.2732e-310 -7.2732e-310 -7.2732e-310 -7.2732e-310 -7.2732e-310 -7.2732e-310 -7.2732e-310 -7.2732e-310 -7.2732e-310 -7.2732e-310 -7.2732e-310 -7.2732e-310 -7.2732e-310 -7.2732e-310 0 
0 -7.2732e-310 -7.2732e-310 -7.2732e-310 -7.2732e-310 -7.2732e-310 -7.2732e-310 -7.2732e-310 -7.2732e-310 -7.2732e-310 -7.2732e-310 -7.2732e-310 -7.2732e-310 -7.2732e-310 -7.2732e-310 -7.2732e-310 -7.2732e-310 -7.2732e-310 -7.2732e-310 -7.2732e-310 -7.2732e-310 -7.2732e-310 -7.2732e-310 -7.2732e-310 -7.2732e-310 0 
0 -7.2732e-310 -7.2732e-310 -7.2732e-310 -7.2732e-310 -7.2732e-310 -7.2732e-310 -7.2732e-310 -7.2732e-310 -7.2732e-310 -7.2732e-310 -7.2732e-310 -7.2732e-310 -7.2732e-310 -7.2732e-310 -7.2732e-310 -7.2732e-310 -7.2732e-310 -7.2732e-310 -7.2732e-310 -7.2732e-310 -7.2732e-310 -7.2732e-310 -7.2732e-310 -7.2732e-310 0 
0 -7.2732e-310 -7.2732e-310 -7.2732e-310 -7.2732e-310 -7.2732e-310 -7.2732e-310 -7.2732e-310 -7.2732e-310 -7.2732e-310 -7.2732e-310 -7.2732e-310 -7.2732e-310 -7.2732e-310 -7.2732e-310 -7.2732e-310 -7.2732e-310 -7.2732e-310 -7.2732e-310 -7.2732e-310 -7.2732e-310 -7.2732e-310 -7.2732e-310 -7.2732e-310 -7.2732e-310 0 
0 -7.2732e-310 -7.2732e-310 -7.2732e-310 -7.2732e-310 -7.2732e-310 -7.2732e-310 -7.2732e-310 -7.2732e-310 -7.2732e-310 -7.2732e-310 -7.2732e-310 -7.2732e-310 -7.2732e-310 -7.2732e-310 -7.2732e-310 -7.2732e-310 -7.2732e-310 -7.2732e-310 -7.2732e-310 -7.2732e-310 -7.2732e-310 -7.2732e-310 -7.2732e-310 -7.2732e-310 0 
0 -7.2732e-310 -7.2732e-310 -7.2732e-310 -7.2732e-310 -7.2732e-310 -7.2732e-310 -7.2732e-310 -7.2732e-310 -7.2732e-310 -7.2732e-310 -7.2732e-310 -7.2732e-310 -7.2732e-310 -7.2732e-310 -7.2732e-310 -7.2732e-310 -7.2732e-310 -7.2732e-310 -7.2732e-310 -7.2732e-310 -7.2732e-310 -7.2732e-310 -7.2732e-310 -7.2732e-310 0 
0 -7.2732e-310 -7.2732e-310 -7.2732e-310 -7.2732e-310 -7.2732e-310 -7.2732e-310 -7.2732e-310 -7.2732e-310 -7.2732e-310 -7.2732e-310 -7.2732e-310 -7.2732e-310 -7.2732e-310 -7.2732e-310 -7.2732e-310 -7.2732e-310 -7.2732e-310 -7.2732e-310 -7.2732e-310 -7.2732e-310 -7.2732e-310 -7.2732e-310 -7.2732e-310 -7.2732e-310 0 
0 -7.2732e-310 -7.2732e-310 -7.2732e-310 -7.2732e-310 -7.2732e-310 -7.2732e-310 -7.2732e-310 -7.2732e-310 -7.2732e-310 -7.2732e-310 -7.2732e-310 -7.2732e-310 -7.2732e-310 -7.2732e-310 -7.2732e-310 -7.2732e-310 -7.2732e-310 -7.2732e-310 -7.2732e-310 -7.2732e-310 -7.2732e-310 -7.2732e-310 -7.2732e-310 -7.2732e-310 0 
0 -7.2732e-310 2.7979e-308 2.7979e-308 2.7979e-308 -7.27274e-310 2.7979e-308 2.7979e-308 2.7979e-308 -7.2732e-310 2.7979e-308 2.7979e-308 2.81767e-308 2.81767e-308 -7.2732e-310 2.7979e-308 -7.27274e-310 2.81767e-308 -7.27319e-310 2.7979e-308 -7.2732e-310 -7.2732e-310 2.7979e-308 2.7979e-308 2.81767e-308 0 
0 -7.2732e-310 -7.27274e-310 2.81767e-308 2.7979e-308 2.7979e-308 2.81767e-308 2.81767e-308 2.7979e-308 -7.2732e-310 2.7979e-308 -7.2732e-310 -7.2732e-310 -7.2732e-310 2.7979e-308 2.7979e-308 2.7979e-308 -7.26438e-310 2.7979e-308 -7.2732e-310 -7.2732e-310 -7.2732e-310 -7.2732e-310 -7.26438e-310 -7.2732e-310 0 
0 -7.2732e-310 -7.2732e-310 2.7979e-308 2.7979e-308 1.8599e-308 1.8599e-308 2.7979e-308 2.7979e-308 -7.2732e-310 2.7979e-308 2.7979e-308 2.7979e-308 -7.2732e-310 2.81767e-308 2.81767e-308 2.81767e-308 1.8599e-308 2.7979e-308 1.8599e-308 1.8599e-308 -7.2732e-310 1.8599e-308 1.8599e-308 2.7979e-308 0 
0 0 0 0 0 0 0 0 0 0 0 0 0 0 0 0 0 0 0 0 0 0 0 0 0 0 

