42 48 53 45 41 35 35 26 23 36 58 153 219 186 164 188 231 203 133 112 84 31 18 14 19 40 30 14 23 26 29 24 
38 47 46 46 60 55 46 33 23 61 156 244 251 254 255 252 248 245 234 216 119 39 38 19 25 31 18 13 17 23 30 24 
37 45 40 38 50 46 46 43 55 153 236 255 251 252 253 254 252 247 249 250 206 149 148 85 34 20 14 13 17 23 28 23 
29 44 39 37 43 32 31 43 119 227 253 255 252 251 254 245 240 249 252 245 245 247 227 139 45 16 16 14 15 22 25 23 
23 33 31 48 45 22 28 86 196 251 253 254 252 253 250 233 230 240 251 246 247 250 247 161 41 15 15 15 16 27 27 26 
22 32 30 41 28 16 86 205 250 254 255 246 246 252 250 246 245 248 253 252 252 251 254 223 105 19 14 14 17 36 36 28 
24 33 29 33 19 36 179 255 250 253 255 245 247 248 252 252 253 254 253 253 254 255 251 248 198 62 13 17 18 42 44 30 
25 27 27 29 20 49 205 255 242 249 252 252 253 249 254 254 253 253 253 253 254 255 253 246 239 143 23 17 23 43 39 29 
26 25 25 29 22 84 228 255 245 248 254 252 250 251 253 251 251 253 255 255 255 254 253 243 237 211 66 13 25 42 32 26 
25 26 25 24 50 177 250 251 240 245 255 247 243 252 253 251 251 253 253 254 255 251 249 242 218 232 144 23 27 44 35 26 
25 38 30 18 103 242 250 228 225 241 251 245 246 253 249 247 245 240 242 247 252 252 238 217 187 210 189 48 28 43 39 33 
25 48 39 25 151 252 231 197 195 215 221 247 250 245 236 235 234 218 218 229 239 247 188 139 145 160 200 101 28 38 36 38 
29 48 36 75 208 219 185 152 162 168 137 150 159 184 200 214 209 190 187 207 219 178 92 59 88 93 157 146 36 32 31 35 
37 44 31 144 221 149 131 117 146 116 59 47 51 98 126 162 195 173 142 162 158 83 54 34 56 81 117 147 52 29 33 34 
34 38 51 195 190 113 89 97 126 70 51 68 69 75 91 135 186 189 174 161 131 71 48 24 61 96 104 150 103 27 31 35 
31 41 90 208 160 102 77 91 110 50 51 87 69 64 71 135 185 232 246 234 174 83 31 19 70 96 89 137 104 36 30 35 
40 54 103 175 138 105 88 89 105 62 20 29 50 72 59 122 193 249 255 255 203 86 48 35 76 94 78 99 82 59 46 42 
48 69 141 170 121 99 71 77 106 88 35 35 77 79 65 109 176 243 254 254 196 88 68 66 88 93 77 96 69 57 63 48 
43 94 164 172 101 82 72 79 102 104 77 70 86 86 98 119 160 220 254 255 191 98 77 77 102 94 72 94 61 49 57 45 
45 83 156 161 80 65 73 79 101 115 89 86 92 92 115 128 156 189 230 234 187 118 81 88 101 86 88 114 69 59 48 46 
54 86 168 174 81 60 61 67 97 124 107 104 93 99 116 140 165 204 187 175 166 143 114 116 125 98 104 114 67 59 51 56 
65 106 186 173 105 86 65 80 115 143 129 126 135 140 160 174 168 203 140 129 126 161 153 140 156 113 87 109 64 61 60 56 
92 109 170 180 121 92 72 79 130 164 156 168 173 189 200 174 159 159 81 95 88 128 151 163 170 112 98 115 60 52 52 55 
110 114 154 188 137 101 72 72 129 179 175 182 189 182 172 148 133 115 54 70 73 105 153 181 150 100 114 118 56 42 41 57 
118 122 145 176 150 120 95 68 88 138 169 193 196 178 166 138 116 103 65 47 60 101 139 151 110 101 117 113 57 54 51 57 
126 141 160 154 163 129 140 103 61 68 107 160 172 161 137 116 112 103 88 47 53 102 117 119 106 105 120 78 58 71 70 62 
126 127 127 103 137 136 130 149 104 66 76 119 139 129 120 108 100 100 98 72 75 111 95 82 95 125 125 50 47 75 89 78 
130 102 70 32 66 105 104 120 119 109 107 100 112 115 118 116 104 105 100 103 112 132 110 96 139 160 138 100 82 65 78 89 
134 88 45 23 24 64 123 124 108 109 111 106 111 140 140 132 126 124 120 130 135 134 141 141 165 175 167 169 161 115 75 73 
143 73 37 25 25 48 111 143 151 133 131 126 130 154 153 146 138 136 126 125 128 134 144 148 161 181 188 184 179 155 132 101 
126 72 35 26 37 59 106 126 148 150 132 132 153 157 152 135 128 138 115 121 126 123 138 160 169 179 189 188 176 159 172 149 
66 51 25 21 45 70 98 138 156 144 103 101 120 123 134 116 123 144 111 137 150 157 170 183 188 201 196 182 178 178 174 167 

28 32 35 31 30 24 22 17 18 26 52 154 221 185 161 182 225 197 125 104 73 18 11 12 18 37 27 10 19 21 21 19 
22 29 26 28 44 39 30 22 18 56 153 244 253 253 254 249 243 240 229 211 111 30 33 16 23 29 15 10 14 19 21 19 
23 28 22 21 34 30 30 31 50 152 235 254 252 251 250 249 248 243 245 245 202 144 144 81 31 20 13 12 15 19 19 18 
21 33 27 26 31 18 18 32 114 229 254 253 251 248 249 237 235 246 248 241 244 246 225 134 42 17 16 14 15 18 17 18 
19 26 23 40 37 15 21 80 194 254 253 251 248 249 244 226 227 238 249 243 247 251 246 157 38 17 17 16 15 21 19 20 
16 26 23 32 21 15 87 205 251 254 253 242 240 250 249 245 245 249 253 252 254 251 252 219 102 22 19 17 12 26 27 21 
16 26 22 24 13 37 180 255 250 251 253 241 241 246 251 253 254 255 254 254 255 253 247 242 193 64 18 20 14 32 35 22 
18 20 20 22 17 51 206 254 240 246 251 250 247 245 252 254 253 253 254 253 254 253 249 238 232 141 27 21 20 32 30 22 
19 18 18 24 21 87 228 254 239 244 253 251 245 248 251 252 250 251 254 254 254 251 247 234 227 206 68 17 24 32 23 19 
18 19 17 20 52 181 249 245 230 240 255 246 239 249 251 253 250 250 251 251 253 246 241 231 206 224 145 26 26 34 26 19 
19 28 19 14 103 239 242 218 214 234 248 244 242 250 246 245 241 233 230 232 239 242 230 208 179 204 186 49 28 35 32 25 
20 36 24 21 149 242 218 186 186 209 218 245 245 239 227 226 224 205 200 207 218 235 183 134 140 155 192 97 27 31 28 30 
23 35 23 70 204 208 172 142 155 163 134 148 152 175 189 201 194 174 171 190 202 167 87 56 83 86 148 140 33 25 23 27 
29 31 21 138 213 135 117 108 140 112 56 44 45 90 116 149 175 155 128 148 145 76 52 33 52 73 106 140 49 20 24 27 
24 26 45 189 177 96 74 88 121 67 48 67 69 74 87 129 174 178 166 150 121 67 49 27 59 85 91 141 98 19 22 26 
21 30 86 199 143 83 61 83 106 48 49 87 73 68 74 136 184 231 245 228 167 81 34 23 68 84 75 126 98 27 21 25 
32 42 94 160 116 86 74 81 102 60 17 28 49 71 60 124 198 250 255 252 194 83 54 41 74 83 62 83 69 46 32 28 
40 56 132 154 100 82 59 69 103 86 32 34 77 79 66 113 179 241 253 251 187 85 74 70 85 82 59 76 53 42 47 32 
32 82 158 159 81 66 60 69 97 102 75 71 89 89 102 124 159 214 254 254 184 94 79 77 96 83 53 74 44 34 42 30 
32 71 153 151 62 51 63 69 93 113 86 85 92 91 115 130 155 182 231 234 181 112 77 82 94 76 70 94 53 45 34 31 
40 75 167 164 64 47 53 57 87 120 103 101 89 94 112 140 167 197 188 177 162 137 107 110 118 88 86 95 52 45 37 41 
51 94 183 164 88 70 55 72 107 138 121 115 121 128 151 170 173 200 141 131 124 156 146 132 148 104 71 92 51 48 49 44 
77 96 164 173 104 71 56 71 127 158 141 145 145 166 183 165 160 160 80 95 87 125 144 149 158 103 83 102 52 41 47 49 
97 102 150 182 123 84 57 61 123 170 159 157 164 161 157 139 126 110 52 72 72 100 145 165 136 90 99 105 46 33 37 53 
107 113 143 171 141 109 81 53 75 127 154 173 178 163 154 128 102 91 61 51 58 92 129 136 95 88 104 99 43 43 44 51 
117 134 160 151 157 123 127 84 43 57 95 145 157 148 125 104 96 89 80 46 47 91 105 105 91 90 106 62 38 52 53 51 
118 120 128 100 134 134 117 126 83 55 68 107 125 115 106 93 85 86 86 62 64 99 82 70 79 106 110 32 21 48 62 58 
122 94 65 28 62 100 90 100 102 97 95 87 99 101 104 101 91 93 88 90 99 119 97 87 127 147 126 83 58 35 48 64 
125 77 35 18 19 54 109 110 97 96 96 90 97 126 126 118 114 113 108 119 121 120 128 130 158 169 158 156 143 91 49 46 
136 63 30 20 20 40 100 132 141 121 117 110 116 140 139 132 126 125 115 114 115 120 133 139 154 175 179 174 166 141 114 78 
119 62 29 22 31 52 99 118 140 139 119 118 139 143 138 121 116 127 104 110 115 113 130 155 165 173 183 181 170 151 161 132 
61 43 20 16 38 64 94 133 149 135 91 88 106 109 120 102 111 132 99 125 140 149 165 180 184 194 190 179 175 169 165 160 

15 17 18 15 11 5 9 9 9 15 34 129 188 153 130 151 195 169 101 81 56 12 12 10 11 27 19 6 14 12 15 15 
11 16 12 13 27 19 9 8 9 39 125 208 206 207 208 203 201 200 192 176 86 18 25 13 18 21 9 7 10 10 15 15 
13 17 9 6 17 14 10 13 35 127 201 213 200 199 199 199 198 195 200 202 166 116 122 69 24 13 8 10 13 10 13 14 
10 22 14 5 12 8 7 14 87 196 217 213 203 200 202 190 183 193 199 194 198 202 186 112 33 12 13 14 15 9 11 15 
8 15 11 18 21 9 12 60 165 220 217 213 203 202 198 183 180 191 204 200 200 201 201 124 22 10 14 16 12 10 11 14 
6 15 13 17 10 9 69 180 228 224 215 199 193 196 197 202 207 212 217 216 213 208 210 179 73 9 13 14 6 10 14 12 
6 16 12 12 3 27 158 228 221 215 208 193 195 196 204 213 217 217 216 216 216 212 207 201 160 45 8 15 6 14 20 13 
8 10 10 10 4 34 178 219 202 203 201 199 202 201 211 214 213 213 213 212 212 210 206 196 195 116 11 11 9 15 15 13 
9 8 8 13 6 62 193 215 197 198 203 200 197 206 211 209 206 207 209 209 208 205 202 189 185 173 47 3 10 14 8 10 
8 9 7 10 34 150 211 204 188 195 208 195 185 204 208 203 202 203 204 204 206 199 195 186 162 186 119 9 10 16 11 9 
10 14 8 3 80 203 200 173 169 187 200 194 193 202 192 183 185 183 183 184 188 193 184 164 136 163 153 28 12 16 15 14 
10 18 15 6 118 201 172 139 137 160 170 199 203 190 168 159 163 152 151 156 166 186 140 95 104 118 153 70 12 14 12 15 
9 20 17 50 166 163 125 96 109 120 94 108 109 128 138 147 142 121 117 140 154 125 57 30 53 49 108 110 19 15 10 11 
13 17 13 113 169 89 73 66 99 76 25 14 8 49 71 104 134 101 64 92 95 39 32 17 27 36 65 107 31 14 15 12 
11 12 30 157 134 54 38 53 85 37 28 47 38 37 44 82 120 96 60 52 53 31 33 13 35 51 49 105 76 10 13 16 
10 14 62 164 103 47 32 52 72 21 34 75 50 36 31 84 103 103 88 75 72 43 19 9 43 50 33 88 73 13 10 17 
12 19 64 120 76 52 41 44 59 29 9 21 32 48 23 72 98 83 83 81 72 43 38 17 43 50 25 48 42 28 18 17 
18 29 97 109 57 49 27 34 58 46 16 16 48 48 26 60 84 67 76 81 56 35 50 38 52 52 27 47 28 21 29 17 
15 53 116 108 37 37 36 44 55 53 43 37 50 53 62 77 82 57 77 96 67 44 50 47 69 55 23 47 21 10 20 11 
16 43 111 102 22 24 43 49 54 58 45 47 60 63 82 89 93 63 93 117 98 74 52 57 71 46 37 64 26 17 7 8 
20 47 129 123 31 24 31 37 50 64 63 68 58 64 72 87 109 123 110 119 110 99 71 70 85 52 47 59 19 13 7 14 
26 65 151 129 58 46 32 48 68 84 76 69 69 72 83 92 106 152 107 112 87 107 90 73 103 65 28 52 17 16 19 16 
46 63 133 137 66 39 32 43 85 114 84 71 67 85 95 73 83 113 58 81 56 74 82 93 116 65 40 63 19 12 17 21 
61 64 113 144 80 44 27 32 90 137 111 94 99 94 85 63 58 63 27 53 43 54 91 119 97 47 57 67 13 4 5 21 
67 71 103 133 98 64 43 24 50 100 118 128 134 117 104 74 47 47 31 25 27 53 85 99 58 45 64 65 13 14 9 16 
77 92 121 118 120 78 84 52 17 27 60 108 122 112 85 61 49 46 44 16 14 53 68 73 55 49 75 37 15 26 17 13 
83 83 93 74 104 92 75 91 50 17 27 69 87 76 64 49 40 43 47 29 26 59 48 38 44 72 88 18 8 26 27 20 
85 55 39 14 43 69 54 62 62 53 50 43 58 60 62 58 49 51 47 53 58 76 59 49 90 114 101 65 42 17 19 31 
86 37 16 11 7 32 77 72 55 52 50 45 57 87 87 79 72 70 66 76 81 81 91 96 123 133 125 128 119 72 24 19 
101 29 13 12 8 20 70 97 101 80 74 67 76 101 101 92 82 79 70 68 75 85 99 107 121 139 146 145 139 113 83 52 
89 35 15 13 18 34 72 86 104 102 80 77 100 104 99 82 72 82 59 65 69 68 86 112 125 137 149 151 140 118 127 105 
35 22 8 7 25 46 70 104 117 100 56 51 67 70 81 63 71 92 60 86 96 104 121 138 145 158 156 148 145 140 132 128 

