[[ 1.44109222  1.45755585  1.44109222  1.45755585  1.42462858  1.42462858
   1.42462858  1.44109222  1.5234104   1.53987404  1.5234104   1.5234104
   1.53987404  1.53987404  1.5234104   1.49048313  1.27645585  1.29291949
   1.44109222  1.42462858  1.47401949  1.47401949  1.44109222  1.44109222]
 [ 1.39170131  1.35877403  1.37523767  1.37523767  1.32584676  1.29291949
   1.29291949  1.30938313  1.35877403  1.42462858  1.45755585  1.45755585
   1.44109222  1.44109222  1.47401949  1.21060131 -0.02417144  0.28863766
   1.39170131  1.39170131  1.47401949  1.45755585  1.44109222  1.40816494]
 [ 1.30938313  1.32584676  1.3423104   1.30938313  1.32584676  1.32584676
   1.32584676  1.35877403  1.32584676  1.3423104   1.37523767  1.35877403
   1.32584676  1.30938313  1.30938313  0.89779221 -0.83088963 -0.15588053
   1.24352858  1.27645585  1.3423104   1.37523767  1.29291949  1.27645585]
 [ 1.25999222  1.30938313  1.29291949  1.30938313  1.30938313  1.25999222
   1.12828312  1.1612104   1.35877403  1.37523767  1.3423104   1.25999222
   1.14474676  1.24352858  1.32584676  0.73315584 -0.88028054  0.23924675
   1.27645585  1.12828312  1.12828312  1.17767403  1.12828312  1.17767403]
 [ 1.22706494  1.24352858  1.25999222  1.06242858  0.43681039 -0.22173508
  -0.53454417 -0.38637144  0.53559221  1.35877403  1.32584676  1.22706494
   1.1612104   1.14474676  1.29291949  0.60144675 -1.06138054  0.22278311
   1.25999222  1.17767403  1.1612104   1.09535585  1.1612104   1.21060131]
 [ 1.14474676  1.0295013   0.61791039 -0.17234417 -0.88028054 -1.16016236
  -1.12723509 -0.96259872 -0.27112599  0.61791039  0.40388311  0.63437402
   1.12828312  1.14474676  1.1612104   0.50266493 -1.06138054 -0.12295326
   1.1612104   1.17767403  1.19413767  1.11181949  1.12828312  1.1612104 ]
 [ 0.99657403  0.50266493 -0.63332599 -1.20955327 -1.176626   -1.16016236
  -1.16016236 -1.06138054 -0.89674418 -0.53454417 -0.51808054 -0.48515326
   0.1733922   0.70022857  1.0295013   0.10753765 -1.24248055 -0.3205169
   1.12828312  1.21060131  1.17767403  1.12828312  1.09535585  1.09535585]
 [ 0.81547403 -0.30405326 -1.19308964 -1.25894418 -1.19308964 -1.19308964
  -1.20955327 -1.12723509 -1.06138054 -0.995526   -0.814426   -0.74857145
  -0.60039872 -0.41929872  0.07461038 -0.51808054 -1.44004419 -0.43576235
   1.06242858  1.21060131  1.12828312  1.1612104   1.09535585  0.88132857]
 [ 0.27217402 -1.04491691 -1.30833509 -1.27540782 -1.25894418 -1.29187146
  -1.22601691 -1.12723509 -1.11077145 -1.07784418 -1.01198963 -0.92967145
  -0.84735327 -0.91320781 -0.84735327 -1.01198963 -1.47297146 -0.53454417
   1.01303767  1.14474676  1.09535585  1.1612104   1.09535585  0.83193766]
 [-0.51808054 -1.30833509 -1.27540782 -1.32479873 -1.27540782 -1.27540782
  -1.20955327 -1.11077145 -1.09430782 -1.11077145 -1.07784418 -1.06138054
  -0.96259872 -1.01198963 -1.07784418 -1.14369873 -1.40711691 -0.35344417
   1.04596494  1.06242858  1.01303767  1.06242858  1.06242858  1.01303767]
 [-1.02845327 -1.20955327 -1.24248055 -1.32479873 -1.27540782 -1.22601691
  -1.16016236 -1.06138054 -1.07784418 -1.11077145 -1.07784418 -1.12723509
  -1.09430782 -1.02845327 -1.07784418 -1.09430782 -1.19308964 -0.12295326
   0.93071948  0.96364676  0.89779221  0.89779221  0.93071948  0.94718312]
 [-1.22601691 -1.12723509 -1.25894418 -1.34126237 -1.29187146 -1.19308964
  -1.16016236 -1.09430782 -1.14369873 -1.14369873 -1.07784418 -1.09430782
  -1.20955327 -1.11077145 -1.09430782 -1.02845327 -0.79796236  0.09107402
   0.91425585  0.99657403  1.0295013   0.99657403  0.93071948  0.91425585]
 [-1.176626   -1.16016236 -1.29187146 -1.357726   -1.27540782 -1.16016236
  -1.09430782 -1.11077145 -1.12723509 -1.12723509 -1.12723509 -1.12723509
  -1.30833509 -1.20955327 -1.07784418 -0.88028054 -0.41929872  0.28863766
   0.88132857  0.98011039  0.98011039  0.88132857  0.8484013   0.89779221]
 [-1.16016236 -1.19308964 -1.25894418 -1.27540782 -1.22601691 -1.14369873
  -1.14369873 -1.14369873 -1.14369873 -1.12723509 -1.14369873 -1.16016236
  -1.22601691 -1.19308964 -1.01198963 -0.60039872 -0.09002599  0.51912857
   0.89779221  0.8484013   0.8484013   0.86486494  0.8484013   0.81547403]
 [-1.19308964 -1.176626   -1.176626   -1.20955327 -1.176626   -1.12723509
  -1.19308964 -1.19308964 -1.20955327 -1.16016236 -1.16016236 -1.19308964
  -1.11077145 -0.91320781 -0.63332599 -0.15588053  0.3544922   0.73315584
   0.8484013   0.88132857  0.89779221  0.88132857  0.83193766  0.86486494]
 [-1.20955327 -1.176626   -1.12723509 -1.20955327 -1.20955327 -1.07784418
  -1.16016236 -1.25894418 -1.29187146 -1.22601691 -1.07784418 -0.78149872
  -0.45222599  0.00875583  0.32156493  0.55205584  0.76608312  0.86486494
   0.93071948  0.94718312  0.93071948  0.93071948  0.86486494  0.86486494]
 [-1.176626   -1.12723509 -1.11077145 -1.176626   -1.11077145 -1.04491691
  -1.176626   -1.27540782 -1.25894418 -0.88028054 -0.15588053  0.3544922
   0.60144675  0.74961948  0.79901039  0.89779221  0.91425585  0.91425585
   0.98011039  0.94718312  0.86486494  0.81547403  0.76608312  0.83193766]
 [-1.14369873 -1.07784418 -1.01198963 -0.995526   -0.78149872 -0.84735327
  -1.27540782 -0.92967145 -0.38637144  0.15692856  0.71669221  0.78254675
   0.81547403  0.83193766  0.78254675  0.8484013   0.76608312  0.78254675
   0.83193766  0.79901039  0.86486494  0.79901039  0.76608312  0.81547403]
 [-1.11077145 -1.07784418 -0.58393508 -0.46868963 -0.17234417 -0.45222599
  -1.14369873 -0.17234417  0.60144675  0.71669221  0.81547403  0.8484013
   0.81547403  0.76608312  0.71669221  0.78254675  0.79901039  0.76608312
   0.71669221  0.74961948  0.8484013   0.78254675  0.79901039  0.74961948]
 [-0.55100781 -0.73210781  0.05814674  0.27217402  0.42034675 -0.12295326
  -0.995526   -0.45222599  0.4862013   0.74961948  0.76608312  0.86486494
   0.73315584  0.70022857  0.70022857  0.76608312  0.79901039  0.68376493
   0.63437402  0.71669221  0.83193766  0.79901039  0.74961948  0.6673013 ]
 [ 0.25571038  0.14046493  0.53559221  0.60144675  0.61791039  0.00875583
  -0.35344417 -0.20527144 -0.27112599  0.51912857  0.79901039  0.78254675
   0.63437402  0.70022857  0.78254675  0.74961948  0.68376493  0.63437402
   0.68376493  0.6673013   0.73315584  0.78254675  0.78254675  0.71669221]
 [ 0.60144675  0.51912857  0.53559221  0.43681039  0.61791039  0.00875583
  -0.04063508  0.73315584  0.02521947 -0.23819871  0.37095584  0.71669221
   0.68376493  0.6673013   0.71669221  0.6673013   0.65083766  0.6673013
   0.71669221  0.78254675  0.73315584  0.73315584  0.73315584  0.68376493]
 [ 0.61791039  0.58498312  0.63437402  0.51912857  0.58498312 -0.12295326
  -0.10648962  0.55205584  0.55205584  0.12400129 -0.41929872  0.07461038
   0.61791039  0.68376493  0.6673013   0.71669221  0.60144675  0.6673013
   0.79901039  0.79901039  0.79901039  0.81547403  0.76608312  0.6673013 ]
 [ 0.51912857  0.46973766  0.56851948  0.50266493  0.45327402 -0.22173508
   0.09107402  0.71669221  0.65083766  0.76608312 -0.0077078  -0.45222599
   0.23924675  0.65083766  0.76608312  0.61791039  0.46973766  0.56851948
   0.61791039  0.74961948  0.76608312  0.76608312  0.79901039  0.73315584]][[ 1.8362195   1.85268313  1.8362195   1.85268313  1.81975586  1.81975586
   1.81975586  1.8362195   1.91853768  1.93500132  1.90207404  1.90207404
   1.91853768  1.93500132  1.90207404  1.8362195   1.57280131  1.60572858
   1.80329222  1.81975586  1.86914677  1.85268313  1.80329222  1.81975586]
 [ 1.77036495  1.75390131  1.77036495  1.77036495  1.72097404  1.68804677
   1.67158313  1.68804677  1.73743768  1.80329222  1.8362195   1.8362195
   1.8362195   1.8362195   1.85268313  1.5234104   0.22278311  0.55205584
   1.72097404  1.78682859  1.86914677  1.8362195   1.80329222  1.78682859]
 [ 1.68804677  1.67158313  1.68804677  1.67158313  1.67158313  1.67158313
   1.65511949  1.67158313  1.63865586  1.63865586  1.65511949  1.68804677
   1.72097404  1.7045104   1.68804677  1.17767403 -0.64978963  0.09107402
   1.58926495  1.65511949  1.7045104   1.72097404  1.67158313  1.65511949]
 [ 1.62219222  1.63865586  1.60572858  1.62219222  1.58926495  1.5234104
   1.35877403  1.37523767  1.55633767  1.55633767  1.50694676  1.5234104
   1.50694676  1.62219222  1.7045104   0.99657403 -0.74857145  0.46973766
   1.62219222  1.50694676  1.49048313  1.53987404  1.50694676  1.57280131]
 [ 1.60572858  1.60572858  1.57280131  1.30938313  0.63437402 -0.04063508
  -0.40283508 -0.28758962  0.63437402  1.42462858  1.37523767  1.37523767
   1.44109222  1.49048313  1.67158313  0.86486494 -0.92967145  0.42034675
   1.58926495  1.55633767  1.5234104   1.44109222  1.53987404  1.60572858]
 [ 1.53987404  1.39170131  0.89779221  0.02521947 -0.74857145 -1.06138054
  -1.06138054 -0.89674418 -0.22173508  0.61791039  0.40388311  0.68376493
   1.30938313  1.44109222  1.50694676  0.74961948 -0.96259872  0.05814674
   1.47401949  1.55633767  1.55633767  1.45755585  1.5234104   1.55633767]
 [ 1.39170131  0.83193766 -0.38637144 -1.04491691 -1.06138054 -1.07784418
  -1.06138054 -0.96259872 -0.83088963 -0.5016169  -0.51808054 -0.45222599
   0.28863766  0.91425585  1.30938313  0.30510129 -1.176626   -0.17234417
   1.44109222  1.58926495  1.53987404  1.49048313  1.47401949  1.49048313]
 [ 1.17767403 -0.0077078  -0.97906236 -1.09430782 -1.06138054 -1.04491691
  -1.06138054 -0.97906236 -0.94613509 -0.92967145 -0.78149872 -0.69918054
  -0.53454417 -0.30405326  0.25571038 -0.36990781 -1.37418964 -0.30405326
   1.35877403  1.58926495  1.50694676  1.5234104   1.49048313  1.27645585]
 [ 0.61791039 -0.78149872 -1.11077145 -1.11077145 -1.07784418 -1.09430782
  -1.04491691 -0.96259872 -0.97906236 -0.995526   -0.96259872 -0.8638169
  -0.78149872 -0.88028054 -0.76503509 -0.91320781 -1.40711691 -0.41929872
   1.29291949  1.5234104   1.49048313  1.53987404  1.47401949  1.21060131]
 [-0.27112599 -1.14369873 -1.14369873 -1.19308964 -1.14369873 -1.12723509
  -1.07784418 -0.995526   -0.97906236 -1.02845327 -1.01198963 -0.995526
  -0.89674418 -0.96259872 -1.02845327 -1.07784418 -1.34126237 -0.20527144
   1.3423104   1.45755585  1.40816494  1.42462858  1.44109222  1.39170131]
 [-0.89674418 -1.11077145 -1.16016236 -1.22601691 -1.176626   -1.14369873
  -1.09430782 -0.995526   -0.995526   -1.02845327 -0.995526   -1.04491691
  -1.01198963 -0.96259872 -1.01198963 -1.04491691 -1.11077145  0.09107402
   1.24352858  1.3423104   1.29291949  1.27645585  1.30938313  1.32584676]
 [-1.12723509 -1.04491691 -1.176626   -1.25894418 -1.20955327 -1.12723509
  -1.07784418 -1.01198963 -1.06138054 -1.06138054 -1.01198963 -1.02845327
  -1.14369873 -1.02845327 -0.995526   -0.92967145 -0.66625327  0.33802857
   1.24352858  1.37523767  1.42462858  1.37523767  1.30938313  1.29291949]
 [-1.09430782 -1.07784418 -1.19308964 -1.27540782 -1.19308964 -1.07784418
  -1.01198963 -1.01198963 -1.04491691 -1.04491691 -1.06138054 -1.07784418
  -1.24248055 -1.12723509 -0.97906236 -0.74857145 -0.23819871  0.58498312
   1.22706494  1.35877403  1.37523767  1.25999222  1.22706494  1.27645585]
 [-1.09430782 -1.09430782 -1.16016236 -1.176626   -1.12723509 -1.04491691
  -1.04491691 -1.06138054 -1.06138054 -1.04491691 -1.06138054 -1.09430782
  -1.176626   -1.11077145 -0.88028054 -0.45222599  0.12400129  0.8484013
   1.25999222  1.22706494  1.24352858  1.24352858  1.22706494  1.19413767]
 [-1.11077145 -1.07784418 -1.07784418 -1.09430782 -1.07784418 -1.02845327
  -1.11077145 -1.11077145 -1.14369873 -1.07784418 -1.04491691 -1.07784418
  -0.995526   -0.76503509 -0.43576235  0.07461038  0.61791039  1.09535585
   1.22706494  1.25999222  1.27645585  1.25999222  1.21060131  1.24352858]
 [-1.11077145 -1.07784418 -1.02845327 -1.11077145 -1.11077145 -0.97906236
  -1.07784418 -1.20955327 -1.20955327 -1.12723509 -0.92967145 -0.58393508
  -0.22173508  0.25571038  0.60144675  0.86486494  1.11181949  1.25999222
   1.32584676  1.3423104   1.30938313  1.30938313  1.24352858  1.24352858]
 [-1.07784418 -1.06138054 -1.02845327 -1.07784418 -0.995526   -0.96259872
  -1.09430782 -1.19308964 -1.16016236 -0.71564418  0.10753765  0.68376493
   0.94718312  1.09535585  1.1612104   1.27645585  1.30938313  1.32584676
   1.37523767  1.3423104   1.25999222  1.19413767  1.14474676  1.21060131]
 [-1.07784418 -1.04491691 -0.94613509 -0.8638169  -0.64978963 -0.76503509
  -1.16016236 -0.78149872 -0.1888078   0.45327402  1.09535585  1.19413767
   1.21060131  1.21060131  1.17767403  1.24352858  1.1612104   1.17767403
   1.22706494  1.21060131  1.25999222  1.17767403  1.14474676  1.19413767]
 [-0.96259872 -0.97906236 -0.45222599 -0.25466235  0.05814674 -0.28758962
  -0.995526    0.04168311  0.93071948  1.12828312  1.22706494  1.24352858
   1.21060131  1.1612104   1.11181949  1.17767403  1.19413767  1.14474676
   1.09535585  1.14474676  1.25999222  1.1612104   1.17767403  1.12828312]
 [-0.30405326 -0.5016169   0.30510129  0.60144675  0.76608312  0.15692856
  -0.79796236 -0.1888078   0.86486494  1.17767403  1.17767403  1.24352858
   1.11181949  1.09535585  1.09535585  1.1612104   1.17767403  1.06242858
   1.0295013   1.12828312  1.24352858  1.17767403  1.12828312  1.04596494]
 [ 0.61791039  0.4862013   0.89779221  1.0295013   1.07889221  0.38741948
  -0.07356235  0.07461038  0.02521947  0.86486494  1.1612104   1.1612104
   1.01303767  1.09535585  1.19413767  1.1612104   1.06242858  1.01303767
   1.07889221  1.06242858  1.12828312  1.1612104   1.1612104   1.09535585]
 [ 1.01303767  0.96364676  0.98011039  0.93071948  1.11181949  0.42034675
   0.30510129  1.0295013   0.28863766  0.02521947  0.68376493  1.04596494
   1.0295013   1.06242858  1.12828312  1.06242858  1.0295013   1.04596494
   1.11181949  1.19413767  1.12828312  1.11181949  1.11181949  1.06242858]
 [ 1.04596494  1.07889221  1.11181949  1.04596494  1.07889221  0.28863766
   0.25571038  0.91425585  0.89779221  0.43681039 -0.17234417  0.33802857
   0.96364676  1.07889221  1.07889221  1.11181949  0.98011039  1.04596494
   1.19413767  1.21060131  1.21060131  1.19413767  1.14474676  1.04596494]
 [ 0.96364676  0.93071948  1.01303767  0.98011039  0.89779221  0.12400129
   0.43681039  1.12828312  1.07889221  1.1612104   0.28863766 -0.1888078
   0.56851948  1.01303767  1.1612104   0.99657403  0.83193766  0.94718312
   1.01303767  1.1612104   1.17767403  1.1612104   1.17767403  1.11181949]][[-0.10648962 -0.10648962 -0.13941689 -0.10648962 -0.13941689 -0.15588053
  -0.15588053 -0.13941689 -0.05709871 -0.02417144 -0.05709871 -0.0077078
   0.00875583 -0.09002599 -0.05709871  0.18985584  0.18985584  0.14046493
   0.05814674 -0.15588053 -0.12295326  0.00875583 -0.0077078  -0.02417144]
 [-0.17234417 -0.22173508 -0.22173508 -0.22173508 -0.27112599 -0.28758962
  -0.23819871 -0.20527144 -0.17234417 -0.12295326 -0.09002599 -0.07356235
  -0.12295326 -0.20527144 -0.04063508  0.05814674 -0.88028054 -0.64978963
   0.10753765 -0.13941689 -0.13941689 -0.04063508 -0.05709871 -0.09002599]
 [-0.20527144 -0.25466235 -0.25466235 -0.27112599 -0.23819871 -0.17234417
  -0.02417144  0.00875583 -0.12295326 -0.22173508 -0.27112599 -0.28758962
  -0.27112599 -0.3205169  -0.20527144 -0.10648962 -1.357726   -0.97906236
  -0.05709871 -0.23819871 -0.12295326 -0.05709871 -0.17234417 -0.17234417]
 [-0.22173508 -0.22173508 -0.1888078  -0.05709871  0.04168311  0.14046493
   0.25571038  0.27217402  0.30510129  0.1733922   0.00875583 -0.15588053
  -0.28758962 -0.30405326 -0.23819871 -0.20527144 -1.19308964 -0.5016169
  -0.09002599 -0.36990781 -0.22173508 -0.1888078  -0.30405326 -0.22173508]
 [-0.25466235 -0.1888078   0.02521947  0.14046493 -0.22173508 -0.66625327
  -0.71564418 -0.56747145  0.20631947  0.86486494  0.73315584  0.4862013
   0.15692856 -0.22173508 -0.23819871 -0.28758962 -1.24248055 -0.41929872
  -0.05709871 -0.35344417 -0.23819871 -0.28758962 -0.27112599 -0.20527144]
 [-0.27112599 -0.20527144 -0.25466235 -0.58393508 -0.94613509 -0.995526
  -0.84735327 -0.69918054 -0.12295326  0.63437402  0.33802857  0.42034675
   0.60144675  0.10753765 -0.1888078  -0.25466235 -1.12723509 -0.60039872
  -0.07356235 -0.36990781 -0.25466235 -0.28758962 -0.28758962 -0.25466235]
 [-0.28758962 -0.41929872 -1.11077145 -1.20955327 -0.8638169  -0.73210781
  -0.76503509 -0.71564418 -0.63332599 -0.36990781 -0.43576235 -0.45222599
   0.04168311  0.10753765  0.07461038 -0.45222599 -1.22601691 -0.66625327
  -0.0077078  -0.35344417 -0.3205169  -0.30405326 -0.33698053 -0.30405326]
 [-0.28758962 -0.814426   -1.32479873 -1.02845327 -0.83088963 -0.84735327
  -0.91320781 -0.84735327 -0.8638169  -0.8638169  -0.73210781 -0.6827169
  -0.55100781 -0.55100781 -0.35344417 -0.83088963 -1.39065328 -0.66625327
  -0.0077078  -0.36990781 -0.41929872 -0.30405326 -0.33698053 -0.53454417]
 [-0.64978963 -1.20955327 -1.176626   -0.96259872 -0.995526   -1.14369873
  -1.01198963 -0.91320781 -0.94613509 -0.96259872 -0.92967145 -0.89674418
  -0.69918054 -0.69918054 -0.84735327 -1.11077145 -1.40711691 -0.71564418
  -0.0077078  -0.43576235 -0.46868963 -0.30405326 -0.33698053 -0.58393508]
 [-0.995526   -1.22601691 -1.07784418 -1.06138054 -1.09430782 -1.16016236
  -0.995526   -0.94613509 -1.01198963 -1.06138054 -0.995526   -1.04491691
  -0.88028054 -0.76503509 -0.89674418 -1.01198963 -1.30833509 -0.69918054
   0.04168311 -0.40283508 -0.51808054 -0.38637144 -0.33698053 -0.38637144]
 [-1.09430782 -1.02845327 -1.06138054 -1.12723509 -1.09430782 -1.04491691
  -0.97906236 -0.995526   -1.11077145 -1.14369873 -0.995526   -1.07784418
  -1.07784418 -0.96259872 -0.97906236 -0.94613509 -1.176626   -0.69918054
  -0.10648962 -0.40283508 -0.58393508 -0.5016169  -0.41929872 -0.41929872]
 [-1.14369873 -0.97906236 -1.09430782 -1.176626   -1.12723509 -1.04491691
  -1.06138054 -1.09430782 -1.19308964 -1.14369873 -0.995526   -0.995526
  -1.19308964 -1.12723509 -1.14369873 -1.11077145 -1.02845327 -0.63332599
  -0.17234417 -0.35344417 -0.43576235 -0.38637144 -0.41929872 -0.45222599]
 [-0.995526   -1.02845327 -1.14369873 -1.22601691 -1.14369873 -1.04491691
  -1.09430782 -1.14369873 -1.14369873 -1.11077145 -1.02845327 -0.97906236
  -1.16016236 -1.176626   -1.20955327 -1.12723509 -0.84735327 -0.61686236
  -0.30405326 -0.38637144 -0.46868963 -0.51808054 -0.51808054 -0.46868963]
 [-0.96259872 -1.07784418 -1.16016236 -1.176626   -1.11077145 -1.06138054
  -1.16016236 -1.176626   -1.14369873 -1.12723509 -1.12723509 -1.06138054
  -1.07784418 -1.20955327 -1.22601691 -0.995526   -0.71564418 -0.58393508
  -0.40283508 -0.53454417 -0.56747145 -0.53454417 -0.51808054 -0.55100781]
 [-1.04491691 -1.11077145 -1.09430782 -1.12723509 -1.11077145 -1.07784418
  -1.19308964 -1.176626   -1.176626   -1.20955327 -1.32479873 -1.34126237
  -1.29187146 -1.25894418 -1.19308964 -0.89674418 -0.60039872 -0.56747145
  -0.55100781 -0.51808054 -0.51808054 -0.51808054 -0.53454417 -0.5016169 ]
 [-1.14369873 -1.11077145 -1.07784418 -1.16016236 -1.16016236 -1.02845327
  -1.09430782 -1.176626   -1.20955327 -1.32479873 -1.40711691 -1.34126237
  -1.19308964 -0.88028054 -0.76503509 -0.69918054 -0.60039872 -0.61686236
  -0.53454417 -0.45222599 -0.46868963 -0.46868963 -0.51808054 -0.5016169 ]
 [-1.09430782 -1.06138054 -1.09430782 -1.29187146 -1.22601691 -1.06138054
  -1.176626   -1.20955327 -1.24248055 -1.24248055 -0.97906236 -0.78149872
  -0.64978963 -0.56747145 -0.60039872 -0.60039872 -0.63332599 -0.56747145
  -0.48515326 -0.5016169  -0.55100781 -0.58393508 -0.61686236 -0.55100781]
 [-1.09430782 -1.07784418 -1.12723509 -1.44004419 -1.24248055 -1.02845327
  -1.357726   -1.09430782 -0.814426   -0.74857145 -0.6827169  -0.76503509
  -0.66625327 -0.61686236 -0.64978963 -0.61686236 -0.69918054 -0.61686236
  -0.60039872 -0.69918054 -0.60039872 -0.58393508 -0.60039872 -0.55100781]
 [-1.39065328 -1.34126237 -0.995526   -1.25894418 -1.02845327 -0.94613509
  -1.29187146 -0.69918054 -0.53454417 -0.76503509 -0.73210781 -0.64978963
  -0.66625327 -0.69918054 -0.74857145 -0.66625327 -0.63332599 -0.60039872
  -0.71564418 -0.76503509 -0.60039872 -0.58393508 -0.56747145 -0.61686236]
 [-1.30833509 -1.37418964 -0.74857145 -0.92967145 -0.8638169  -0.995526
  -1.39065328 -1.19308964 -0.89674418 -0.89674418 -0.76503509 -0.51808054
  -0.64978963 -0.76503509 -0.79796236 -0.69918054 -0.61686236 -0.6827169
  -0.79796236 -0.78149872 -0.63332599 -0.56747145 -0.61686236 -0.69918054]
 [-0.88028054 -0.8638169  -0.60039872 -0.89674418 -0.89674418 -1.11077145
  -1.14369873 -0.995526   -1.25894418 -0.6827169  -0.56747145 -0.53454417
  -0.66625327 -0.74857145 -0.74857145 -0.71564418 -0.71564418 -0.73210781
  -0.74857145 -0.83088963 -0.73210781 -0.58393508 -0.58393508 -0.64978963]
 [-0.76503509 -0.73210781 -0.78149872 -1.14369873 -0.88028054 -1.12723509
  -1.11077145 -0.22173508 -0.73210781 -1.06138054 -0.6827169  -0.43576235
  -0.53454417 -0.74857145 -0.814426   -0.79796236 -0.71564418 -0.6827169
  -0.71564418 -0.71564418 -0.73210781 -0.64978963 -0.63332599 -0.69918054]
 [-0.814426   -0.78149872 -0.71564418 -0.97906236 -0.76503509 -1.04491691
  -1.24248055 -0.74857145 -0.64978963 -0.8638169  -1.16016236 -0.74857145
  -0.51808054 -0.73210781 -0.89674418 -0.76503509 -0.74857145 -0.66625327
  -0.63332599 -0.69918054 -0.66625327 -0.56747145 -0.60039872 -0.69918054]
 [-0.89674418 -0.91320781 -0.78149872 -0.92967145 -0.73210781 -0.995526
  -1.09430782 -0.84735327 -1.02845327 -0.61686236 -0.74857145 -1.12723509
  -0.814426   -0.6827169  -0.71564418 -0.79796236 -0.84735327 -0.76503509
  -0.814426   -0.76503509 -0.73210781 -0.64978963 -0.60039872 -0.64978963]]